28 91 78 63 
52 89 72 39 
53 108 91 47 
43 88 84 59 
63 68 80 76 
69 61 70 84 
67 63 67 87 
52 67 84 77 
17 75 89 78 
0 66 90 74 
-5 80 110 82 
16 73 93 79 
23 52 75 79 
25 52 51 81 
17 41 84 91 
2 48 103 100 
-23 35 83 98 
7 41 101 73 
2 55 94 71 
17 57 102 87 

91 -23 -93 -72 
93 -22 -87 -72 
105 -24 -96 -79 
113 -24 -102 -91 
113 -26 -109 -97 
113 -12 -105 -101 
108 -2 -92 -94 
113 6 -83 -84 
111 7 -77 -87 
115 9 -70 -83 
112 9 -75 -95 
88 6 -67 -89 
74 7 -61 -83 
81 17 -63 -77 
88 12 -72 -69 
102 -4 -93 -72 
105 -18 -102 -71 
95 -23 -93 -67 
90 -23 -80 -69 
95 -19 -67 -72 

127 36 -66 -67 
127 39 -59 -66 
127 43 -64 -66 
127 39 -75 -70 
127 48 -86 -71 
127 51 -83 -74 
127 60 -76 -87 
127 54 -71 -91 
127 41 -60 -84 
127 42 -64 -82 
127 57 -66 -67 
127 53 -72 -73 
127 54 -63 -75 
127 67 -68 -66 
127 44 -66 -53 
127 27 -63 -55 
127 15 -43 -46 
127 10 -58 -57 
127 24 -48 -53 
127 18 -31 -59 

101 -19 -115 -90 
107 -1 -106 -89 
104 10 -109 -85 
127 22 -106 -78 
127 22 -113 -71 
127 16 -112 -71 
123 24 -100 -73 
114 6 -99 -67 
97 -9 -93 -65 
97 -8 -94 -58 
110 -4 -115 -73 
122 7 -126 -70 
117 2 -125 -66 
104 -18 -123 -66 
106 -29 -119 -50 
98 -20 -107 -46 
124 -4 -83 -41 
126 -15 -93 -48 
123 -10 -84 -41 
102 8 -76 -44 

126 105 39 1 
126 123 51 -15 
126 127 47 -17 
127 127 44 -13 
127 127 42 -11 
127 119 19 -5 
127 117 21 -13 
127 125 38 -13 
127 122 42 -16 
120 113 51 -19 
115 112 56 1 
113 103 36 0 
108 97 36 11 
117 113 45 24 
123 109 52 9 
103 86 36 8 
89 78 33 4 
85 65 42 -6 
76 60 34 -13 
88 69 51 -6 

127 -9 -74 -15 
127 9 -60 -36 
127 35 -43 -34 
127 47 -55 -44 
127 38 -69 -61 
127 23 -75 -61 
127 45 -61 -54 
127 68 -49 -50 
127 76 -42 -43 
127 69 -44 -53 
127 38 -43 -38 
127 39 -39 -39 
127 45 -27 -49 
127 62 -21 -60 
127 56 -31 -76 
121 55 -32 -65 
126 49 -48 -40 
127 28 -39 -6 
127 28 -35 19 
127 24 -25 18 

123 -12 -49 -38 
119 -21 -64 -35 
125 -14 -58 -31 
120 -4 -54 -41 
127 13 -58 -50 
127 18 -45 -51 
127 8 -47 -48 
127 7 -53 -40 
127 8 -46 -29 
127 14 -53 -37 
119 11 -53 -40 
127 16 -40 -34 
121 15 -44 -35 
127 19 -41 -43 
127 19 -45 -34 
127 9 -50 -38 
125 -17 -54 -42 
115 0 -47 -28 
127 7 -28 -10 
127 3 -46 -20 

47 -29 -37 -72 
57 -15 -23 -69 
58 0 -26 -74 
53 4 -27 -68 
54 2 -26 -61 
60 10 -25 -62 
63 17 -17 -63 
77 13 -16 -62 
69 5 -16 -54 
61 -10 -13 -50 
59 -8 -16 -53 
49 -1 -19 -61 
36 -10 -31 -78 
18 0 -25 -72 
25 -1 -24 -63 
34 -10 -19 -57 
66 -1 -9 -43 
75 2 0 -41 
77 6 -3 -43 
68 -7 4 -42 

-13 127 45 14 
-16 127 53 35 
-31 127 50 36 
-14 127 48 35 
-10 127 53 38 
-40 127 56 37 
-67 127 61 27 
-94 127 68 24 
-115 127 67 19 
-128 125 66 19 
-109 127 47 25 
-58 127 30 24 
-51 127 31 24 
-14 127 62 45 
-36 127 48 57 
-67 110 38 66 
-61 127 58 68 
-48 127 44 76 
-42 120 23 71 
-65 114 20 41 

51 -88 -110 -87 
57 -92 -110 -90 
46 -98 -115 -94 
31 -100 -100 -86 
22 -107 -96 -78 
22 -101 -97 -76 
20 -102 -104 -79 
29 -94 -113 -89 
33 -84 -116 -100 
54 -65 -106 -100 
60 -62 -104 -104 
67 -62 -89 -93 
67 -80 -101 -87 
63 -82 -95 -83 
54 -77 -95 -98 
47 -62 -86 -98 
47 -43 -90 -105 
51 -38 -91 -104 
62 -54 -100 -101 
71 -64 -113 -95 

127 26 -41 -45 
127 36 -31 -53 
127 33 -18 -46 
127 31 -16 -38 
127 34 -13 -34 
127 45 -18 -34 
127 62 -19 -47 
127 77 -3 -53 
127 78 -2 -52 
127 70 0 -59 
127 52 -17 -63 
127 55 -17 -53 
127 56 -19 -60 
113 49 -6 -41 
118 55 0 -49 
114 54 0 -38 
124 57 -4 -40 
127 54 -11 -45 
127 34 -29 -49 
127 24 -25 -44 

-128 9 25 14 
-128 -4 26 26 
-128 -7 36 35 
-128 -18 28 34 
-128 -31 30 48 
-128 -28 21 44 
-128 -22 27 52 
-128 -15 39 54 
-128 -6 49 49 
-128 -6 46 49 
-128 -23 36 42 
-128 -20 40 44 
-128 -11 28 54 
-126 -17 9 48 
-126 -20 -2 46 
-120 -25 12 41 
-128 -34 13 44 
-128 -14 29 51 
-128 -11 44 28 
-117 -6 27 27 

-50 -81 -26 15 
-63 -78 -25 15 
-49 -65 -19 18 
-46 -67 -27 21 
-46 -72 -26 24 
-45 -78 -32 19 
-29 -81 -42 26 
-18 -77 -43 21 
-14 -65 -43 10 
-5 -72 -51 2 
-17 -74 -51 0 
-35 -85 -63 -4 
-27 -80 -40 14 
-20 -78 -40 23 
-14 -60 -21 19 
-17 -51 -26 -9 
-33 -60 -28 -17 
-33 -50 -10 -11 
-59 -42 -11 -1 
-55 -55 -13 -18 

127 70 -75 -52 
127 69 -72 -53 
127 63 -83 -65 
127 58 -91 -60 
127 55 -92 -52 
127 49 -77 -45 
127 79 -62 -63 
127 98 -52 -77 
127 112 -51 -97 
127 99 -55 -94 
127 92 -53 -70 
127 56 -59 -38 
127 85 -36 -47 
127 79 -45 -48 
127 83 -45 -61 
97 65 -72 -69 
101 81 -51 -38 
117 56 -68 -44 
127 52 -62 -44 
127 61 -45 -44 

-76 -13 30 43 
-91 -46 29 51 
-117 -76 21 46 
-113 -71 2 39 
-99 -54 -6 24 
-108 -31 3 15 
-122 -33 -16 6 
-128 -45 3 12 
-128 -57 7 24 
-117 -64 -8 19 
-103 -58 -14 16 
-98 -45 -16 11 
-95 -35 -3 23 
-83 -27 13 36 
-85 -27 8 35 
-81 -28 -8 39 
-106 -32 -22 26 
-119 -56 -18 46 
-125 -45 -5 17 
-121 -46 -17 -6 

-128 -105 3 21 
-109 -81 13 17 
-92 -56 17 7 
-96 -63 14 8 
-94 -73 16 15 
-104 -92 16 28 
-102 -89 45 58 
-81 -72 53 56 
-90 -57 43 50 
-93 -58 37 45 
-104 -75 31 45 
-100 -81 27 50 
-109 -98 22 43 
-128 -105 16 35 
-128 -109 28 13 
-128 -100 21 3 
-124 -66 51 45 
-79 -47 77 37 
-84 -39 83 46 
-85 -48 67 37 

106 -62 -74 -57 
113 -61 -81 -63 
120 -59 -85 -66 
127 -56 -91 -69 
127 -49 -79 -65 
127 -41 -75 -63 
127 -44 -78 -64 
127 -43 -80 -63 
127 -38 -80 -63 
127 -27 -75 -66 
127 -23 -74 -62 
127 -30 -68 -60 
123 -43 -77 -71 
108 -43 -74 -65 
120 -40 -75 -65 
120 -35 -68 -64 
119 -30 -65 -62 
127 -28 -53 -56 
118 -33 -52 -56 
125 -33 -50 -56 

-128 -15 65 34 
-128 -20 68 38 
-128 -23 60 41 
-128 -24 64 46 
-128 -26 70 51 
-128 -28 74 49 
-128 -23 71 41 
-128 -23 57 39 
-128 -29 58 40 
-128 -34 66 42 
-128 -45 66 41 
-128 -37 71 44 
-128 -37 62 36 
-128 -26 46 30 
-128 -16 53 43 
-128 -14 64 52 
-128 -8 67 51 
-128 -17 60 33 
-128 -18 50 23 
-128 -30 45 16 

-128 3 84 40 
-128 -24 86 51 
-128 -51 73 54 
-128 -56 64 57 
-111 -67 46 76 
-126 -69 48 89 
-128 -65 51 90 
-128 -64 52 82 
-128 -52 61 70 
-128 -41 66 72 
-128 -37 63 83 
-111 -34 72 91 
-111 -51 49 79 
-98 -49 53 81 
-128 -57 46 94 
-128 -54 42 77 
-128 -45 47 52 
-128 -17 44 65 
-115 -15 38 78 
-128 -9 34 58 

-128 -41 30 62 
-128 -77 30 71 
-118 -74 34 70 
-96 -78 31 71 
-96 -75 17 77 
-107 -66 7 78 
-90 -58 -1 73 
-95 -45 -7 60 
-103 -47 9 59 
-87 -46 17 65 
-92 -53 5 54 
-85 -47 24 57 
-64 -16 22 46 
-61 -18 4 43 
-64 -37 -9 48 
-78 -29 5 59 
-99 -35 24 76 
-104 -31 20 70 
-97 -13 21 49 
-82 -15 2 21 

115 51 4 -28 
102 51 -1 -15 
107 41 7 10 
121 51 9 15 
101 57 6 7 
89 75 9 -15 
67 76 18 -3 
50 74 32 15 
86 80 33 9 
110 79 16 -8 
118 69 -3 -28 
83 48 -11 -30 
58 49 -3 -3 
64 59 27 13 
67 71 34 14 
86 87 13 17 
102 54 -13 -3 
74 48 -16 6 
73 50 -3 16 
72 56 5 10 

84 -76 -104 -59 
82 -71 -100 -59 
87 -65 -103 -76 
89 -68 -101 -77 
85 -70 -95 -75 
82 -65 -90 -66 
92 -64 -94 -66 
97 -68 -101 -71 
85 -70 -109 -78 
87 -68 -111 -78 
89 -61 -102 -72 
93 -51 -93 -66 
102 -42 -94 -76 
107 -54 -96 -69 
112 -65 -92 -68 
101 -66 -97 -69 
100 -57 -88 -55 
102 -56 -78 -65 
105 -45 -75 -58 
105 -42 -71 -58 

-4 58 64 46 
10 69 73 20 
3 55 70 22 
13 57 69 43 
21 67 66 48 
30 75 68 39 
19 75 57 22 
34 75 52 25 
25 57 62 50 
22 53 66 63 
27 31 67 82 
15 44 81 59 
-8 41 45 22 
-26 60 56 47 
9 69 26 37 
4 54 56 58 
21 57 67 54 
19 42 54 55 
-19 35 66 35 
-32 60 86 60 

20 67 36 97 
20 74 39 83 
15 73 24 64 
19 73 28 57 
32 73 31 56 
31 63 37 62 
30 44 38 71 
20 47 38 79 
4 54 40 80 
6 69 44 78 
-8 63 32 72 
-2 54 27 76 
8 50 24 68 
11 33 20 84 
41 39 29 75 
27 35 19 62 
7 30 13 55 
-9 22 13 75 
-17 21 21 93 
-35 25 37 101 

-125 15 59 52 
-126 12 63 63 
-125 12 63 73 
-121 8 56 77 
-124 8 52 70 
-128 1 49 63 
-123 1 53 66 
-123 3 60 70 
-120 3 59 76 
-114 3 52 74 
-115 -8 45 70 
-112 -4 42 57 
-114 4 44 58 
-113 10 53 60 
-114 17 57 56 
-115 15 47 51 
-111 12 41 52 
-107 8 34 53 
-117 12 40 59 
-112 10 20 57 

85 -11 -43 -54 
71 -24 -52 -48 
67 -27 -58 -45 
59 -30 -64 -52 
56 -16 -61 -60 
52 -13 -59 -68 
50 -20 -61 -71 
47 -14 -64 -64 
62 -9 -60 -66 
76 -2 -57 -73 
71 11 -47 -72 
67 13 -55 -75 
73 19 -50 -62 
83 9 -51 -50 
81 8 -46 -41 
60 1 -64 -55 
46 -7 -63 -68 
44 5 -51 -54 
56 3 -74 -52 
68 -5 -61 -45 

-15 -108 -103 -68 
6 -82 -94 -66 
15 -86 -98 -73 
32 -90 -105 -66 
40 -101 -118 -52 
64 -103 -128 -58 
79 -83 -125 -69 
87 -74 -113 -71 
76 -84 -102 -59 
37 -96 -84 -43 
21 -92 -79 -41 
12 -78 -81 -55 
28 -63 -88 -60 
44 -67 -89 -56 
38 -79 -102 -54 
36 -96 -97 -51 
62 -87 -60 -42 
44 -78 -75 -54 
66 -76 -81 -62 
53 -71 -62 -41 

27 38 -1 22 
24 42 6 31 
3 18 11 35 
-2 8 10 47 
-1 1 1 36 
8 10 1 24 
19 16 -20 16 
12 10 -26 11 
11 21 -22 10 
7 21 -17 14 
29 25 1 19 
33 30 -10 8 
31 34 -15 -2 
51 34 -14 5 
30 25 -15 6 
28 21 -11 4 
17 33 -12 -13 
11 21 -16 -4 
7 16 -23 -3 
-18 8 -38 9 

-128 -88 7 31 
-128 -106 -12 45 
-128 -89 -18 38 
-128 -83 -15 43 
-128 -82 -9 36 
-128 -102 -3 36 
-128 -111 -9 48 
-128 -107 -9 44 
-128 -90 -6 45 
-128 -80 -4 52 
-128 -87 -6 36 
-128 -99 3 55 
-128 -89 0 52 
-128 -72 -4 60 
-128 -72 9 48 
-128 -59 4 29 
-128 -50 6 40 
-128 -50 -4 23 
-128 -51 -9 23 
-123 -42 -30 9 

-64 -81 -65 -14 
-61 -84 -59 -13 
-72 -100 -67 -8 
-67 -97 -58 16 
-74 -115 -45 25 
-80 -128 -53 18 
-75 -128 -64 18 
-50 -128 -74 4 
-37 -93 -79 -6 
-26 -76 -82 -14 
-35 -87 -67 4 
-52 -101 -55 1 
-58 -121 -59 2 
-45 -114 -51 24 
-51 -102 -66 -7 
-66 -75 -46 -21 
-40 -33 -32 -16 
-50 -65 -45 -12 
-67 -62 -69 -18 
-61 -60 -60 0 

41 101 111 36 
52 85 106 38 
49 72 107 42 
44 69 108 44 
46 74 114 50 
34 78 107 52 
21 74 105 45 
26 77 105 39 
26 70 96 32 
12 70 98 21 
-10 72 103 31 
-11 66 106 33 
1 71 104 41 
36 92 107 58 
59 97 112 65 
32 58 108 55 
1 55 116 31 
-8 77 118 27 
-25 63 95 7 
-7 54 89 21 

53 119 90 62 
53 117 95 52 
50 119 107 58 
44 119 105 56 
47 122 111 56 
46 106 104 64 
47 112 110 72 
30 119 112 71 
19 117 111 69 
7 113 116 60 
12 104 107 54 
23 102 94 46 
37 92 82 39 
41 86 85 33 
29 86 100 44 
4 78 103 51 
-10 75 104 45 
17 92 101 53 
16 92 101 73 
27 98 94 68 

