13 127 
-11 118 
9 61 
32 22 
36 8 
15 9 
-50 33 
-91 34 
-106 40 
-97 46 
-56 18 
-30 2 
-23 -25 
-85 -35 
-112 -39 
-95 -39 
-110 13 
-93 23 

39 -34 
43 -34 
46 -34 
47 -34 
45 -34 
50 -31 
50 -30 
58 -28 
58 -28 
46 -29 
38 -29 
39 -24 
42 -26 
51 -31 
46 -32 
36 -34 
34 -34 
34 -34 

92 10 
92 11 
92 13 
95 17 
95 22 
96 24 
90 18 
89 13 
94 17 
97 21 
93 22 
96 26 
95 23 
84 11 
83 -2 
83 -11 
86 -9 
90 -7 

-64 28 
-67 20 
-90 11 
-98 9 
-91 12 
-98 10 
-83 21 
-64 28 
-62 29 
-69 28 
-84 24 
-81 26 
-70 28 
-68 29 
-66 29 
-81 29 
-87 29 
-79 28 

110 42 
113 48 
111 49 
102 48 
96 40 
93 38 
100 44 
109 47 
110 48 
104 45 
98 41 
90 43 
98 47 
100 57 
92 40 
77 28 
65 23 
68 13 

72 -12 
84 -5 
100 1 
103 0 
92 6 
91 9 
108 20 
121 26 
125 16 
111 15 
98 6 
99 13 
108 12 
111 19 
111 14 
108 4 
100 -1 
91 -3 

-73 31 
-75 31 
-82 30 
-82 24 
-84 18 
-89 21 
-85 25 
-87 24 
-84 21 
-87 21 
-84 19 
-90 18 
-89 16 
-87 15 
-85 21 
-82 28 
-76 31 
-74 28 

-3 -8 
7 -10 
15 -11 
6 -8 
7 -16 
22 -10 
27 2 
39 3 
23 -3 
14 -8 
21 -8 
22 -8 
14 -8 
-12 -8 
-19 -8 
-27 -9 
3 -11 
19 -10 

-21 38 
-17 58 
-12 56 
-12 48 
-4 36 
5 29 
5 20 
10 26 
-14 48 
-31 66 
-35 60 
-9 41 
-35 56 
-5 113 
-1 84 
-46 106 
-35 127 
-33 107 

-7 32 
-18 32 
-11 32 
3 32 
14 32 
12 32 
18 32 
7 32 
12 32 
-11 32 
-16 32 
-24 32 
-25 32 
-23 32 
-16 32 
-8 32 
-7 32 
-7 32 

-12 6 
-20 7 
-20 7 
-17 4 
-11 -1 
-4 -6 
0 -9 
-7 -7 
-13 -2 
-24 0 
-12 -1 
-9 0 
-15 0 
-6 -1 
-12 -1 
-10 -1 
-13 3 
-28 8 

-12 16 
-14 11 
-14 4 
-10 -6 
-8 -9 
-11 -2 
-21 6 
-29 8 
-27 2 
-23 5 
-19 -2 
-10 -22 
5 -32 
11 -21 
8 -14 
0 -6 
-11 10 
-18 11 

0 -2 
0 -3 
0 -4 
0 -5 
0 0 
0 -7 
0 -3 
0 1 
0 2 
0 1 
0 2 
0 -6 
0 -7 
0 -3 
0 7 
0 0 
0 0 
0 0 

95 27 
92 22 
90 19 
91 15 
82 26 
103 48 
105 61 
112 60 
99 50 
104 32 
74 28 
109 42 
94 39 
89 33 
60 32 
93 30 
81 15 
88 19 

-21 -43 
-19 -37 
-16 -33 
-13 -24 
-13 -18 
-13 -18 
-13 -18 
-14 -18 
-14 -22 
-13 -18 
-13 -17 
-13 -23 
-15 -22 
-16 -28 
-14 -27 
-13 -23 
-13 -22 
-13 -21 

-20 -27 
-27 -30 
-26 -14 
-25 2 
12 68 
25 62 
1 29 
-10 19 
-15 18 
-18 24 
-23 12 
-29 -4 
-13 -17 
-18 -39 
15 53 
54 67 
53 58 
23 31 

-2 -4 
-1 -4 
7 -4 
3 -4 
3 -4 
3 -4 
3 -4 
3 -4 
3 -4 
3 -4 
8 -4 
17 -4 
-17 -4 
9 -4 
4 -4 
-6 -4 
17 -4 
-9 -4 

39 1 
38 -2 
43 9 
49 11 
49 5 
38 -1 
32 -9 
38 -1 
42 4 
45 0 
42 1 
27 -10 
23 -12 
33 10 
41 17 
38 2 
28 -16 
20 -27 

-7 101 
-10 92 
-13 82 
-9 70 
-7 60 
-7 59 
-5 60 
-4 70 
-7 81 
-4 85 
-13 76 
-9 70 
-10 65 
-10 54 
-8 43 
-9 52 
-11 56 
-11 40 

-3 -24 
-7 -27 
-18 -13 
-19 -4 
-15 -7 
-9 -15 
1 -16 
4 -14 
-12 -21 
4 -15 
0 -35 
-21 -18 
-16 3 
-4 4 
11 -2 
-1 -24 
-7 -36 
-20 -42 

42 14 
42 11 
54 13 
53 16 
44 24 
36 32 
27 27 
37 27 
47 24 
47 20 
31 12 
28 16 
28 20 
35 25 
32 29 
34 26 
26 14 
23 15 

43 -33 
45 -33 
44 -33 
43 -33 
46 -33 
49 -33 
47 -33 
47 -33 
45 -33 
48 -33 
54 -33 
58 -33 
64 -33 
61 -33 
60 -33 
58 -33 
59 -33 
60 -33 

1 61 
17 49 
19 46 
28 63 
33 69 
44 65 
17 48 
22 46 
10 34 
10 61 
21 48 
21 47 
21 23 
-3 48 
1 52 
6 41 
4 58 
4 51 

33 92 
38 93 
41 89 
49 86 
52 76 
38 66 
23 60 
15 72 
8 80 
12 81 
8 66 
10 53 
25 41 
25 36 
29 36 
9 26 
-7 16 
-13 14 

104 93 
104 112 
93 116 
86 115 
78 113 
87 121 
96 127 
95 127 
84 127 
70 117 
65 108 
74 98 
86 93 
91 77 
77 58 
59 63 
52 71 
43 84 

-37 27 
-31 27 
-26 27 
-22 27 
-19 27 
-17 27 
-20 27 
-31 27 
-47 24 
-37 18 
-41 14 
-32 14 
-45 18 
-33 22 
-24 26 
-19 25 
-14 24 
-23 25 

-24 -33 
-13 -33 
-4 -33 
11 -33 
26 -33 
36 -33 
34 -33 
14 -33 
-6 -33 
-18 -33 
-15 -33 
-3 -33 
0 -33 
-1 -33 
10 -33 
9 -33 
16 -33 
15 -33 

-14 1 
-32 -24 
-7 -39 
16 -7 
33 22 
24 15 
5 28 
9 34 
30 28 
43 32 
30 52 
53 57 
34 33 
13 25 
7 47 
6 41 
-4 22 
-3 16 

-5 35 
-15 35 
-15 40 
-15 40 
-15 12 
-15 32 
-15 44 
-15 29 
-15 61 
-20 27 
-12 28 
-11 45 
-28 69 
-10 87 
-6 42 
-2 43 
-6 43 
-15 33 

-32 -32 
-32 -10 
-32 15 
-32 -6 
-32 -21 
-32 -33 
-32 -49 
-32 -36 
-32 -26 
-32 -28 
-32 -33 
-32 2 
-32 -16 
-32 -58 
-32 -32 
-32 -32 
-32 -32 
-32 -32 

-128 -47 
-126 -46 
-120 -51 
-103 -62 
-97 -57 
-105 -40 
-96 -35 
-92 -21 
-93 -21 
-103 -30 
-100 -44 
-93 -76 
-106 -83 
-128 -54 
-128 -16 
-101 -10 
-76 -13 
-85 -28 

-128 -128 
-98 -128 
-109 -128 
-87 -128 
-121 -128 
-68 -128 
-57 -128 
-62 -128 
-45 -128 
-28 -128 
-35 -128 
-82 -128 
-103 -128 
-59 -128 
-48 -123 
-25 -128 
-1 -128 
-37 -128 

