28 52 53 43 63 69 67 52 17 0 -5 16 23 25 17 2 -23 7 2 17
91 89 108 88 68 61 63 67 75 66 80 73 52 52 41 48 35 41 55 57
78 72 91 84 80 70 67 84 89 90 110 93 75 51 84 103 83 101 94 102
63 39 47 59 76 84 87 77 78 74 82 79 79 81 91 100 98 73 71 87

91 93 105 113 113 113 108 113 111 115 112 88 74 81 88 102 105 95 90 95
-23 -22 -24 -24 -26 -12 -2 6 7 9 9 6 7 17 12 -4 -18 -23 -23 -19
-93 -87 -96 -102 -109 -105 -92 -83 -77 -70 -75 -67 -61 -63 -72 -93 -102 -93 -80 -67
-72 -72 -79 -91 -97 -101 -94 -84 -87 -83 -95 -89 -83 -77 -69 -72 -71 -67 -69 -72

127 127 127 127 127 127 127 127 127 127 127 127 127 127 127 127 127 127 127 127
36 39 43 39 48 51 60 54 41 42 57 53 54 67 44 27 15 10 24 18
-66 -59 -64 -75 -86 -83 -76 -71 -60 -64 -66 -72 -63 -68 -66 -63 -43 -58 -48 -31
-67 -66 -66 -70 -71 -74 -87 -91 -84 -82 -67 -73 -75 -66 -53 -55 -46 -57 -53 -59