114 17 -17 -21 8 -2 -12 -15 -18 -13 
109 8 -28 -30 9 -1 -5 -12 -13 -7 
106 -14 -38 -28 5 -10 -10 -12 -9 -4 
105 -19 -33 -18 4 -14 -12 -10 -7 1 
99 -14 -30 -17 5 -17 -12 -6 -5 7 
97 -10 -37 -32 8 -13 -9 2 -5 7 
102 -3 -34 -30 15 -7 -14 1 -1 3 
99 1 -30 -22 14 -6 -11 0 -3 -1 
97 12 -31 -24 18 -3 -7 -5 -12 3 
111 14 -34 -32 7 -6 -10 -11 -10 6 
112 18 -30 -35 3 -7 -9 -11 -12 1 
111 20 -23 -34 0 -7 -7 -8 -15 0 
118 12 -28 -32 3 -8 -7 -10 -14 -1 
127 17 -29 -25 10 -3 -11 -7 -7 1 
127 21 -26 -24 5 -5 -15 -8 -8 1 
123 22 -26 -28 1 -6 -13 -9 -10 0 
102 13 -37 -35 0 -1 -5 -2 -3 2 
101 22 -25 -36 -8 -3 -3 3 -4 2 
93 24 -16 -32 -2 0 2 1 -6 -3 
106 29 -19 -21 7 -5 -9 -5 -8 -1 
111 20 -20 -21 14 -7 -11 -5 -17 0 
107 10 -20 -24 15 -9 -10 -4 -19 5 
111 13 -23 -26 11 -14 -7 -2 -21 11 
114 14 -18 -21 10 -7 -5 -6 -19 12 
106 6 -9 -9 8 -2 -5 -10 -18 9 
106 4 -9 -12 3 -10 -11 -13 -17 9 
109 7 -11 -16 6 -6 -10 -11 -17 5 
106 13 -10 -17 11 0 -9 -8 -19 1 
96 15 -10 -15 6 -8 -12 -9 -13 -2 
79 24 0 -14 2 -2 -11 -8 -3 2 
