46 31 29 11 7 5 6 -1 1 0 
46 31 27 10 6 1 1 -5 0 -2 
39 23 25 10 5 0 0 -5 -4 0 
38 24 20 3 5 -3 3 -4 -3 2 
46 20 15 -5 8 1 -1 -8 -2 -1 
51 21 9 -6 10 3 -4 -6 1 -1 
48 20 10 -4 15 6 -2 -4 -1 3 
88 20 -10 -23 0 -6 -10 -10 -7 3 
100 18 -22 -31 -1 -7 -13 -11 -7 2 
110 22 -24 -33 4 -6 -11 -11 -10 6 
112 21 -30 -36 -1 -8 -8 -10 -8 2 
112 12 -36 -42 -3 -17 -15 -9 -7 1 
118 10 -37 -43 3 -20 -14 -7 -8 5 
118 6 -38 -34 8 -20 -9 -2 -4 6 
116 4 -37 -30 9 -23 -12 5 -1 4 
120 -3 -35 -28 7 -19 -6 4 -7 4 
119 -3 -30 -30 10 -20 -3 1 -12 9 
109 -2 -27 -31 5 -21 -6 -1 -13 8 
107 0 -29 -30 0 -17 -11 -6 -17 3 
113 0 -29 -28 8 -14 -7 0 -11 6 
110 0 -28 -28 12 -13 -6 -1 -9 5 
104 16 -24 -25 8 -13 -17 -12 -19 -3 
109 21 -20 -19 3 -9 -20 -17 -20 -5 
115 19 -20 -19 11 -8 -13 -11 -14 -3 
109 16 -21 -21 13 -5 -9 -6 -13 -1 
107 27 -15 -21 17 -4 -5 -4 -12 7 
99 40 0 -17 19 -7 -3 0 -7 8 
98 38 1 -11 21 0 0 3 -2 5 
98 35 5 -6 24 3 -2 1 -3 4 
99 33 12 -5 24 -1 -2 0 -5 2 
