60 -25 24 2 -6 -7 -7 4 4 -3 
53 -29 20 6 5 0 -5 0 1 -5 
55 -22 14 -5 -1 -7 -7 -3 3 0 
54 -29 16 -1 -3 -13 -8 0 3 2 
54 -33 17 2 0 -9 -10 4 -3 2 
58 -27 25 2 -3 -10 -5 3 -3 0 
59 -29 26 6 -3 -4 -5 -2 2 -2 
60 -26 25 4 2 -5 -9 -3 1 1 
61 -26 27 0 3 -9 -9 0 -5 -1 
61 -28 22 -1 2 -5 -9 -2 -5 0 
67 -30 15 5 1 -2 -4 -1 -1 -1 
66 -24 17 1 -1 -7 -3 -1 -1 -4 
63 -22 25 -2 -12 -15 -5 0 1 -1 
66 -25 23 7 -4 -7 -4 0 3 4 
66 -25 26 7 -3 -6 -4 -1 6 3 
65 -24 24 4 -8 -11 -10 1 8 6 
64 -20 18 4 -1 -11 -11 2 9 5 
63 -18 18 5 4 -14 -8 3 4 3 
60 -24 24 2 -1 -13 -7 -2 5 4 
56 -26 21 3 -6 -8 -8 -5 3 1 
51 -23 21 5 -4 -5 -7 -6 -1 0 
50 -23 25 3 -7 -10 -6 -3 0 -1 
53 -24 23 1 -7 -11 -4 1 0 -1 
54 -19 21 5 -6 -17 -1 -1 3 0 
56 -23 27 9 -2 -12 1 -4 4 0 
60 -26 27 6 -3 -9 0 -3 2 -2 
54 -30 23 -1 -7 -12 -2 0 1 -1 
55 -27 28 0 -4 -10 0 1 2 0 
57 -22 27 6 -6 -13 -4 1 3 -2 
50 -26 26 6 -6 -13 -1 3 0 -2 
