43 4 18 1 -11 -6 -1 0 6 -3 
44 -3 19 5 -9 -8 0 1 8 0 
51 -4 25 9 -9 -11 -2 2 4 -1 
45 -2 29 7 -11 -11 1 4 5 -4 
40 0 21 0 -9 -6 3 4 11 2 
46 7 20 -2 -13 -11 -4 -3 5 4 
56 6 17 -4 -18 -12 2 4 7 -2 
61 8 18 -3 -20 -11 4 3 2 -6 
60 7 20 1 -17 -15 2 -1 0 -2 
51 3 17 5 -12 -17 0 -1 4 3 
43 2 15 3 -12 -10 1 0 1 5 
39 1 19 3 -13 -8 -2 0 3 5 
44 6 22 2 -6 -6 -2 0 7 4 
57 15 20 0 -9 -10 -6 -4 5 -1 
59 14 16 -7 -20 -11 -4 0 8 -2 
62 13 16 -16 -23 -12 -6 -1 4 -7 
72 15 17 -12 -20 -15 -8 -3 3 -6 
65 16 16 -1 -15 -18 -6 -5 3 -1 
50 14 18 4 -7 -14 -3 -2 4 0 
44 10 20 3 -7 -8 -1 -2 1 1 
38 5 15 2 -8 -4 1 1 2 1 
56 17 14 -4 -16 -10 1 2 6 0 
58 17 17 -7 -16 -10 2 1 5 1 
56 15 20 -7 -17 -7 3 0 5 -1 
55 10 19 -6 -18 -5 0 -3 6 -3 
44 6 18 -1 -20 -7 0 -6 2 -4 
41 6 23 9 -12 -8 6 -1 2 -1 
42 7 25 9 -10 -10 5 0 5 3 
48 12 18 4 -11 -7 5 1 6 1 
47 7 15 -2 -10 -5 1 3 11 3 
