106 15 18 -20 -9 -8 3 -1 -1 -5 
100 22 17 -14 -13 -8 2 -1 -4 -3 
102 27 13 -8 -14 -16 -5 0 0 -1 
104 24 15 -13 -13 -13 -4 2 2 -1 
105 18 13 -12 -12 -9 -6 -2 -2 1 
115 21 11 -12 -12 -7 -7 -4 -2 -2 
121 25 12 -17 -15 -4 -3 -7 -3 -3 
119 25 18 -17 -14 -5 -4 -4 -3 -4 
119 23 26 -9 -13 -7 -7 -4 -1 -4 
116 19 18 -8 -16 -8 -8 -5 0 -2 
109 13 11 -11 -19 -5 -6 -3 3 -2 
127 27 17 -11 -10 1 4 -3 0 -5 
119 24 12 -21 -1 -1 7 -1 -6 -8 
106 11 14 -22 -7 -6 0 -4 -7 -6 
98 13 11 -20 -10 -9 -1 -7 -8 -11 
97 17 9 -17 -9 -7 6 0 -7 -16 
104 12 5 -22 -13 -11 2 1 -10 -14 
109 11 4 -21 -13 -14 -1 -6 -13 -14 
111 10 6 -23 -11 -18 -4 -11 -12 -14 
106 10 8 -25 -13 -15 -2 -3 -5 -7 
105 14 15 -20 -15 -11 3 -2 -3 -4 
100 11 12 -19 -14 -8 6 -1 -1 -5 
99 10 12 -19 -8 -5 3 -3 -3 -6 
108 10 12 -22 -11 -7 -5 -3 -4 -5 
111 8 5 -20 -22 -13 -11 -8 -7 -13 
109 11 15 -12 -15 -16 -7 -7 -5 -9 
100 12 21 -14 -13 -17 -1 -2 -1 -4 
96 5 18 -17 -11 -12 -4 -1 -4 -6 
100 -2 13 -13 -12 -13 -4 7 1 -11 
98 9 18 -12 -16 -18 -5 2 2 -12 
