89 22 7 -25 -3 -10 -3 1 -4 -2 
101 21 5 -22 -5 -15 -4 0 -9 -3 
113 20 1 -17 -12 -21 -7 -3 -8 -3 
110 29 -1 -12 -10 -19 -7 -5 -8 -1 
101 24 2 -10 -11 -7 -1 -5 -2 -3 
104 15 2 -13 -14 -6 0 -3 -1 -7 
109 16 2 -11 -15 -6 2 -4 -2 -3 
99 18 0 -13 -12 -7 5 -4 1 1 
99 14 -2 -14 -5 -10 -5 -9 -1 -3 
113 16 -3 -13 -7 -7 -6 -8 -2 -1 
119 21 15 -18 -15 -2 3 -12 -5 -5 
102 14 18 -21 -17 -14 2 -13 -6 -10 
94 16 17 -18 -17 -13 3 -11 -3 -8 
89 7 17 -6 -11 -8 4 -5 2 -3 
94 3 14 -13 -10 -5 1 -5 -7 -5 
98 13 18 -14 -9 -5 3 -9 -11 -7 
102 11 15 -12 -11 -8 6 -7 -5 -4 
98 9 9 -16 -9 -4 9 -4 -2 -2 
93 5 8 -19 -7 -4 10 -5 -2 -1 
93 0 9 -19 -12 -12 3 -9 -7 -5 
92 0 10 -17 -13 -10 4 -12 -8 -7 
105 6 22 -15 -12 -12 2 -13 -8 -7 
110 11 22 -12 -12 -12 0 -10 -8 -8 
102 12 14 -11 -14 -12 2 -9 -4 -4 
102 11 16 -19 -22 -13 1 -9 -6 -6 
105 5 16 -25 -23 -17 4 -6 -6 -10 
101 5 11 -22 -17 -16 3 1 -3 -6 
100 8 22 -12 -15 -11 -3 -6 -6 -1 
103 18 24 -12 -18 -10 -7 -13 -7 -4 
107 16 18 -10 -12 -15 -6 -8 -6 -10 
