99 24 8 -3 -11 -13 1 0 -8 -10 
101 15 6 -4 -15 -11 2 -6 -11 -6 
99 14 11 -5 -11 -7 0 -8 -8 -4 
107 16 9 -8 -12 -11 -3 -4 -4 -5 
114 14 6 -5 -13 -11 -4 -4 -4 -6 
110 16 5 -8 -13 -13 -1 -6 0 -5 
106 14 2 -14 -16 -13 -2 -4 -3 -4 
108 16 2 -19 -17 -14 -3 -3 -5 -3 
112 20 3 -22 -22 -20 -3 -2 -5 -4 
115 16 15 -17 -24 -6 5 -5 -2 1 
108 3 13 -20 -18 -4 7 -13 -10 -2 
95 1 10 -23 -18 -4 3 -11 -9 -4 
98 4 4 -20 -13 -2 8 -4 -3 -5 
103 3 3 -18 -6 -4 8 -5 -3 -7 
95 0 7 -23 -12 -7 9 -6 0 -6 
96 6 10 -22 -16 -11 10 -6 0 -6 
97 7 12 -20 -8 -6 5 -8 -5 -7 
95 -1 12 -20 -10 -8 0 -8 -6 -6 
100 4 8 -20 -13 -13 -4 -3 -5 -5 
95 4 4 -23 -11 -11 -2 -5 -3 -6 
96 -1 3 -22 -13 -13 -1 -8 0 -6 
112 4 3 -24 -13 -5 -1 -2 0 -8 
106 3 10 -29 -15 -5 4 -2 -8 -8 
102 3 12 -26 -13 -6 6 -8 -7 -6 
103 10 15 -19 -9 -5 8 -8 -4 -4 
101 7 14 -16 -6 -6 8 -7 -5 -3 
98 -3 10 -16 -6 -9 7 -5 -5 -3 
93 -4 6 -20 -10 -9 8 3 -6 -10 
93 9 7 -17 -5 -10 1 -5 -5 -8 
102 13 6 -15 -14 -11 4 -5 -8 -6 
