107 14 8 -9 -16 -13 -5 -5 -1 -4 
112 11 6 -6 -13 -11 -5 -7 -3 -7 
114 12 4 -9 -15 -13 -4 -9 -5 -5 
107 10 2 -10 -18 -15 -2 -6 -4 -2 
102 12 5 -7 -14 -13 -1 -1 0 -2 
105 13 6 -6 -15 -13 -3 -2 -1 -4 
120 27 9 -15 -7 -11 5 1 -6 -5 
101 8 9 -14 -11 -6 14 -13 -7 0 
90 5 6 -20 -12 -7 11 -10 -4 0 
88 3 13 -20 -15 -10 6 -6 3 -2 
93 -2 14 -21 -13 -10 5 -6 3 -4 
96 4 12 -20 -10 -10 4 -6 0 -5 
101 12 13 -15 -12 -10 8 -4 -2 -3 
104 6 14 -20 -16 -7 8 -7 -8 0 
98 7 16 -20 -15 -6 3 -8 -8 -1 
92 4 17 -11 -11 -1 5 -7 -8 -6 
90 3 15 -10 -10 -2 6 -9 -8 -6 
90 -2 17 -9 -13 -5 2 -12 -5 -7 
91 -6 20 -15 -13 -7 0 -11 -5 -9 
95 6 10 -24 -7 -6 0 -9 -9 -3 
98 2 5 -26 -16 -9 4 -9 -5 0 
93 6 9 -29 -21 -11 7 -2 -2 -5 
99 13 15 -20 -15 -5 11 0 -1 -5 
100 2 18 -9 -11 -5 7 -5 -3 -4 
93 -7 13 -14 -14 -12 3 -9 -6 -7 
91 8 10 -18 -9 -12 0 -4 -4 -4 
95 5 11 -15 -9 -10 -5 -7 -9 -1 
95 6 12 -17 -12 -14 -8 -8 -7 -6 
100 7 17 -17 -19 -11 3 -4 0 -1 
102 11 22 -15 -18 -13 4 -2 0 -2 
