82 4 13 -12 -3 -10 6 -11 -5 -1 
85 10 11 -11 1 -10 1 -7 -2 -1 
90 12 14 -13 -5 -10 -3 -7 -4 -1 
92 17 14 -19 -8 -15 -1 -5 -6 -4 
89 18 11 -17 -7 -16 -3 -1 -3 -4 
99 22 14 -15 -5 -12 -1 -2 -3 -3 
102 11 8 -24 -9 -5 6 -9 -6 0 
92 2 6 -23 -11 -7 4 -8 -9 -4 
85 1 9 -17 -15 -8 5 -4 -5 -7 
90 7 6 -21 -21 -9 3 -3 -1 -3 
96 14 7 -22 -14 -11 0 -6 -3 0 
97 13 15 -21 -7 -12 6 -7 -1 -2 
94 21 14 -11 -6 -12 2 4 3 3 
114 31 11 -17 -7 -7 3 6 3 -4 
110 27 19 -21 -11 -12 5 -1 2 -6 
102 18 13 -20 -14 -18 -3 -6 -1 -5 
106 14 3 -21 -12 -13 -4 -7 -5 -7 
107 14 7 -24 -7 -6 -2 -4 -7 -7 
108 19 12 -25 -7 -8 -4 -2 -8 -7 
99 18 8 -22 -11 -15 -4 -2 -5 -5 
93 14 3 -25 -12 -16 -1 4 3 3 
101 17 -2 -33 -12 -15 -3 -2 0 0 
97 16 -4 -34 -13 -19 -6 -7 -5 -7 
101 21 0 -36 -13 -19 -6 -3 -3 -5 
100 24 0 -37 -12 -17 -3 1 1 -8 
91 26 3 -26 0 -18 -8 0 4 -5 
91 23 -2 -36 0 -20 -8 0 6 -1 
90 23 -2 -38 -5 -21 -8 -2 3 -4 
94 31 3 -37 -4 -22 -2 1 -1 -5 
96 26 1 -38 1 -23 -1 4 1 -5 
