101 6 1 -17 -7 -8 -1 0 1 -3 
104 4 1 -18 -9 -11 2 -3 -2 -6 
100 6 2 -12 -9 -9 2 -13 -7 -9 
105 12 6 -16 -8 -4 -3 -12 -5 -9 
113 18 13 -18 -13 -6 -4 -9 -7 -13 
108 17 25 -10 -19 -13 -8 -7 -4 -4 
115 23 18 -20 -27 -19 -4 -4 1 -3 
114 27 16 -16 -26 -21 2 1 2 -4 
101 25 16 -10 -21 -18 -2 2 3 0 
104 5 17 -16 -19 -13 -7 -6 -4 -7 
94 -2 13 -22 -16 -12 -5 -9 -4 -5 
88 -7 6 -24 -13 -6 -2 -6 -2 -2 
97 -6 6 -19 -8 -6 -3 -8 -2 -5 
108 1 10 -20 -6 -5 3 -5 1 -6 
110 5 13 -24 -16 -5 7 -6 -3 -1 
96 2 9 -21 -19 -7 1 -6 0 0 
93 5 10 -18 -8 -2 -1 -5 0 -4 
99 6 15 -19 -10 -5 0 -6 -6 -5 
99 6 11 -21 -15 -6 0 -8 -8 -6 
96 5 12 -19 -15 -9 -3 -10 -12 -12 
101 5 11 -16 -13 -12 -3 -7 -11 -11 
102 16 11 -19 -22 -11 -1 -8 -4 -5 
101 13 9 -21 -24 -14 8 -5 -4 -6 
97 10 7 -22 -21 -12 9 -8 1 -4 
95 6 12 -15 -18 -13 2 -9 -1 -7 
99 6 15 -11 -17 -13 3 -5 -5 -8 
104 13 9 -12 -16 -18 4 -1 -4 -5 
105 9 3 -19 -24 -27 -3 0 -7 -7 
112 11 8 -21 -18 -19 -1 0 -3 -5 
106 8 15 -18 -16 -14 1 1 0 -3 
