121 12 6 -14 -18 -10 3 -1 5 -1 
120 18 12 -13 -19 -17 0 0 2 -2 
120 21 7 -10 -13 -17 -1 -2 -7 -2 
118 19 9 -12 -16 -14 -3 2 -4 -4 
117 16 11 -11 -15 -6 -4 1 -4 -6 
112 8 8 -14 -13 -3 5 -1 -2 -4 
108 8 8 -14 -11 -3 5 -2 0 -5 
116 10 0 -13 -11 -7 1 -4 2 -6 
106 13 18 -15 -16 -10 5 -8 -1 -7 
91 4 12 -21 -18 -9 5 -6 -2 -9 
98 11 7 -22 -12 -3 6 -5 -2 -7 
102 10 4 -22 -5 -4 2 -5 -4 -5 
100 5 11 -19 -7 -6 6 -7 -3 -5 
99 6 17 -16 -12 -9 4 -7 -4 -8 
90 1 13 -15 -15 -7 -2 -8 -10 -6 
89 3 8 -20 -20 -8 -2 -7 -7 -3 
94 6 11 -25 -17 -10 -7 -7 -2 -7 
91 3 11 -22 -16 -6 -4 -7 -1 -6 
91 8 11 -16 -16 -5 4 -6 -7 -7 
96 5 16 -17 -17 -13 -1 -12 -7 -8 
101 3 17 -19 -16 -11 0 -4 -6 -7 
97 11 18 -20 -10 -5 3 -3 -6 -10 
115 27 27 -14 -2 -3 8 0 -1 -7 
108 24 28 -17 -14 -8 12 -2 -4 0 
92 11 18 -22 -20 -12 6 -5 -8 -7 
95 13 25 -13 -10 -4 8 -3 -7 -10 
101 13 24 -15 -5 -6 8 -4 -6 -7 
102 10 16 -18 -7 -12 4 -7 -9 -11 
102 9 17 -22 -14 -17 0 -10 -14 -12 
97 12 14 -18 -12 -12 1 -6 -8 -4 
