103 22 -5 -28 -12 -12 7 -2 -1 0 
99 18 -11 -22 -5 -14 -3 -1 7 -3 
97 13 -13 -21 -5 -17 -10 -5 7 -1 
99 6 -12 -21 -6 -19 -6 -1 4 2 
101 10 -9 -22 -4 -22 -6 -1 1 0 
105 14 -9 -25 1 -18 -3 -5 -6 -4 
72 7 -8 -27 23 -18 -13 -2 -2 -4 
67 15 -9 -27 11 -24 -19 -4 2 -1 
75 24 -10 -27 1 -22 -13 -6 3 -4 
77 24 -5 -26 4 -25 -10 -1 1 -3 
80 18 -10 -24 0 -32 -18 -2 7 -4 
93 25 -10 -27 5 -22 -10 7 7 -4 
94 24 9 -28 3 -13 -9 10 5 0 
95 26 12 -23 0 -13 -12 8 8 2 
95 34 8 -17 0 -13 -8 8 12 4 
95 38 13 -11 0 -17 -10 6 10 7 
99 30 13 -17 0 -13 -11 -1 5 4 
92 27 13 -10 11 -10 -11 -6 4 4 
92 35 11 5 19 -11 -9 -5 6 -1 
86 35 14 2 19 -7 -1 -5 8 -6 
89 32 13 -5 18 -4 5 -6 7 -2 
98 30 9 -6 9 -6 3 -2 6 -1 
105 26 5 -4 8 -7 2 8 4 -2 
96 17 0 -11 -5 -13 3 2 0 -1 
96 18 5 -12 -13 -14 1 -2 1 3 
101 20 3 -14 -17 -7 -1 -6 5 3 
102 17 6 -12 -14 -5 1 -6 1 -3 
107 14 8 -9 -10 -9 0 -5 -3 -4 
82 -35 25 -5 4 -19 -7 -4 7 -8 
86 -26 24 -5 2 -14 -6 -4 7 -8 
