100 40 17 -11 4 -15 -5 -5 -13 -6 
107 39 18 -11 -4 -21 -5 2 -4 -2 
104 40 15 -14 -6 -19 -10 3 2 -3 
91 40 14 -18 -5 -22 -12 -2 1 -2 
83 42 12 -17 -6 -21 -3 -7 -5 -4 
79 36 2 -26 -5 -27 -9 -11 -5 -6 
80 42 10 -21 3 -20 -5 -4 -1 -2 
84 48 12 -21 -7 -18 -2 -1 -2 -4 
94 49 11 -16 -9 -20 -2 2 2 -1 
93 45 13 -13 -5 -20 -4 -3 6 1 
102 39 15 -15 2 -21 -6 -4 12 -1 
98 39 13 -9 -4 -16 -5 -6 2 -1 
98 29 11 -17 -10 -10 -6 -7 -4 -7 
99 5 6 -17 -16 -15 -3 -6 -2 -10 
105 8 7 -19 -13 -10 3 1 0 -8 
103 15 6 -19 -9 -10 1 -3 -2 -8 
102 14 12 -16 -11 -10 2 -7 0 -3 
99 14 15 -21 -7 -8 2 -4 -2 0 
89 7 10 -21 -1 -9 6 -9 -4 -2 
95 12 12 -21 -4 -12 7 -8 -3 -2 
96 22 13 -19 -4 -13 -1 -2 0 0 
95 17 10 -17 -4 -11 -4 -1 2 -4 
96 13 14 -17 -14 -11 5 0 -2 -8 
93 14 12 -19 -15 -10 7 -2 0 -5 
94 11 6 -19 -11 -13 2 -4 4 -3 
98 -3 9 -11 -10 -20 3 -3 4 -5 
97 -8 14 -13 -8 -17 1 -2 5 -6 
95 5 15 -18 -5 -7 1 0 4 -4 
100 19 12 -10 -2 -12 2 -2 4 -3 
97 26 10 -9 1 -16 2 -3 3 -1 
