110 59 40 17 6 -5 -3 -3 -4 -3 
122 66 42 16 1 -7 -7 -4 -4 -4 
117 65 39 15 0 -5 -6 -5 -4 -4 
118 64 39 11 0 -3 -3 -1 -4 -5 
127 56 49 1 0 -3 -3 5 -2 -9 
125 52 48 8 -2 -6 -8 -2 -5 -10 
117 53 55 15 4 -10 -7 -2 -4 -6 
112 47 54 17 11 -7 -4 -2 -4 -7 
104 44 43 14 9 -1 -3 -4 -8 -9 
97 43 41 14 7 1 -1 -6 -8 -6 
106 38 37 8 -2 -5 -1 -3 -5 -4 
124 40 39 2 -5 -12 -5 -3 -6 -6 
127 46 31 -8 -9 -18 -7 -3 -9 -10 
127 47 32 -17 -6 -19 -11 -3 -12 -13 
127 49 28 -19 -6 -20 -13 0 -13 -13 
123 44 29 -19 -6 -17 -12 3 -7 -10 
114 43 28 -9 -3 -11 -13 -1 -6 -10 
107 45 28 2 2 -12 -14 -5 -12 -12 
98 41 44 6 5 -15 -10 -3 -7 -3 
76 19 40 9 4 -8 -7 -7 -10 -4 
68 12 36 11 5 -8 -5 -7 -7 -6 
64 9 26 5 3 -8 -3 0 0 -4 
65 10 29 4 0 -6 -2 -1 0 -5 
65 11 37 9 5 0 3 1 1 -5 
62 10 33 8 7 6 4 5 0 -5 
56 7 27 2 6 0 -4 4 -1 -5 
57 13 31 4 6 -1 -4 4 3 -1 
61 14 29 5 3 0 0 6 2 -1 
59 9 31 5 1 -2 3 3 1 0 
56 4 30 5 0 -4 -5 -2 5 2 
