72 32 -3 -23 22 -1 -9 5 8 2 
79 32 2 -25 18 -2 -5 1 6 3 
84 34 7 -25 14 -2 -6 -1 1 0 
84 34 19 -18 18 -2 -8 -2 -4 -1 
87 41 22 -24 13 -8 -5 3 5 3 
94 40 20 -22 13 -7 -12 3 7 5 
99 34 20 -19 18 -2 -15 7 3 2 
104 31 14 -21 19 1 -14 8 2 3 
106 29 15 -25 19 -3 -16 5 5 8 
105 29 16 -25 17 -5 -10 3 3 10 
103 28 12 -25 12 -2 -2 4 2 11 
106 21 5 -26 13 1 2 4 4 9 
105 15 1 -27 19 -2 -4 8 2 6 
104 18 1 -26 20 -5 -6 6 -1 4 
105 22 7 -20 20 -5 -6 -1 -1 5 
110 24 8 -22 18 -7 -8 4 3 9 
108 25 10 -23 14 -7 -6 3 6 13 
102 23 14 -18 14 -7 -9 0 8 16 
71 28 5 -5 3 -1 5 2 1 3 
0 0 0 0 0 0 0 0 0 0 
0 0 0 0 0 0 0 0 0 0 
0 0 0 0 0 0 0 0 0 0 
0 0 0 0 0 0 0 0 0 0 
0 0 0 0 0 0 0 0 0 0 
0 0 0 0 0 0 0 0 0 0 
0 0 0 0 0 0 0 0 0 0 
0 0 0 0 0 0 0 0 0 0 
0 0 0 0 0 0 0 0 0 0 
0 0 0 0 0 0 0 0 0 0 
0 0 0 0 0 0 0 0 0 0 
