115 3 -6 -28 -13 -15 -3 -19 -4 7 
115 5 -7 -25 -14 -17 -1 -21 -6 10 
114 9 -8 -27 -12 -19 -2 -17 -6 11 
115 13 -8 -29 -7 -21 -5 -7 -4 6 
119 14 -11 -28 -7 -22 -5 -5 -5 8 
121 16 -14 -29 -3 -24 -6 -6 -4 9 
120 17 -12 -26 -3 -24 -6 -5 -1 9 
120 19 -8 -19 -8 -21 -2 -2 0 7 
115 24 1 -18 -10 -18 0 0 1 6 
118 17 0 -17 -5 -14 1 -3 1 3 
122 17 0 -22 -9 -17 6 -2 -2 1 
123 19 -6 -30 -10 -18 4 -2 -6 2 
121 23 -14 -36 -10 -19 -2 1 -7 0 
120 33 -13 -37 -15 -17 3 3 -6 -4 
119 36 -15 -38 -14 -17 1 1 -5 -2 
119 34 -15 -40 -14 -17 -2 1 -4 -3 
116 30 -11 -36 -19 -15 1 -1 -4 -3 
115 31 -11 -35 -19 -14 3 -1 -6 -2 
117 31 -13 -33 -18 -14 2 2 -8 -5 
117 25 -8 -27 -16 -12 0 -1 -5 -6 
108 24 5 -28 -3 -14 -3 -4 -10 -6 
107 29 -1 -28 -1 -15 -4 -4 -11 -4 
114 26 -16 -24 -4 -14 -7 -1 -1 -3 
105 26 -4 -29 1 -19 -14 -2 0 3 
100 29 8 -31 3 -18 -11 -3 -4 0 
97 24 17 -23 0 -18 -13 -4 -2 1 
91 27 13 -24 -2 -9 -21 -4 4 -3 
84 25 14 -25 -15 -7 -20 -3 7 -7 
71 29 17 -19 -13 -3 -10 -5 -2 -6 
66 29 13 -13 -8 -2 -3 -3 1 -1 
