122 22 -7 -26 -10 -14 -13 -9 -1 8 
116 21 -3 -23 -8 -18 -10 -7 -1 10 
115 22 -6 -21 -6 -20 -10 -7 -2 10 
117 18 -2 -24 -8 -20 -10 -8 -2 10 
113 16 0 -32 -11 -24 -3 -8 1 7 
112 11 -11 -33 -8 -19 -1 -9 -2 6 
121 10 -5 -28 -10 -15 -4 -7 -1 5 
119 17 2 -28 -7 -19 -4 -3 2 4 
113 24 1 -24 -6 -12 -4 -1 2 5 
113 24 3 -21 -9 -9 -6 -4 1 7 
116 19 2 -28 -4 -10 -9 -2 -1 5 
120 14 -2 -32 -5 -13 -11 -2 -4 4 
117 3 -7 -29 -16 -16 -12 -5 -4 3 
113 2 -3 -29 -14 -17 -10 -4 1 6 
121 8 -2 -25 -7 -16 -13 -8 0 8 
125 12 -3 -20 -10 -15 -15 -8 -2 8 
121 14 -4 -18 -11 -20 -11 -2 0 9 
122 9 -4 -19 -8 -17 -11 -3 4 7 
118 7 -6 -25 -8 -15 -10 -7 1 6 
107 4 -11 -27 -10 -13 -7 -9 -5 7 
113 6 -9 -25 -7 -12 -11 -9 -7 5 
117 11 -7 -31 -6 -15 -10 -11 -7 5 
118 15 -10 -30 -12 -12 -7 -10 -2 6 
121 12 -14 -23 -15 -8 -10 -8 2 6 
122 10 -11 -26 -12 -9 -12 -7 3 6 
125 14 -6 -29 -5 -13 -10 -4 4 6 
126 25 -3 -26 -6 -14 -4 0 4 5 
122 28 7 -24 -7 -13 -2 4 0 -1 
120 26 5 -31 -4 -9 -1 4 -5 -2 
115 27 1 -34 -7 -8 -3 3 -8 -4 
