110 34 -1 -35 -5 -19 -4 -7 -6 4 
112 39 -7 -37 -1 -21 -4 -12 -6 5 
120 36 -15 -33 3 -23 -6 -9 -3 5 
126 26 -9 -29 2 -14 -4 -4 0 10 
116 25 -4 -24 -2 -7 1 -2 4 10 
118 25 -3 -24 -4 -7 1 -1 6 11 
127 21 -2 -25 -3 -9 -2 1 3 12 
125 23 1 -24 -5 -12 1 2 5 10 
123 25 0 -21 -7 -10 6 4 3 7 
127 24 -3 -20 -8 -8 2 7 5 7 
127 25 -5 -21 -8 -13 -1 5 4 4 
126 27 -7 -26 -8 -14 -3 4 -1 2 
120 33 -9 -33 -8 -11 -2 2 -3 2 
120 24 -14 -24 -5 -10 -2 5 3 1 
120 21 -16 -23 -4 -8 -2 7 3 2 
121 25 -14 -31 -2 -9 3 6 3 5 
123 25 -8 -33 -3 -8 9 5 4 8 
127 19 -2 -30 -4 -4 2 4 6 9 
127 18 -1 -31 -1 -6 -3 5 5 7 
127 24 -5 -32 -4 -12 -9 2 0 5 
127 25 -11 -31 -6 -18 -9 -3 -2 6 
123 20 -10 -30 -2 -14 -8 -4 1 6 
127 22 -3 -26 0 -11 -6 -4 -6 2 
127 28 -3 -23 -3 -15 -1 -5 -6 0 
121 25 -6 -31 -7 -18 -3 -7 -3 2 
106 24 2 -23 1 -15 -6 -6 -7 3 
105 35 6 -20 -11 -21 -10 -3 -3 0 
96 26 4 -18 -5 -16 -11 0 3 -7 
67 15 14 -17 -1 -7 -13 -1 9 1 
50 13 24 -5 4 -4 -13 -2 6 -4 
