123 28 -11 -31 -8 -10 -3 -2 -1 7 
127 22 -9 -30 -12 -11 -9 -8 -2 7 
127 13 -7 -28 -13 -18 -15 -12 -3 8 
125 19 -11 -24 -17 -18 -19 -12 -4 6 
121 26 -13 -25 -18 -17 -18 -13 -4 3 
127 26 -18 -26 -13 -18 -22 -14 -6 4 
127 24 -13 -24 -14 -20 -22 -14 -6 5 
120 25 -6 -24 -15 -21 -20 -9 -5 4 
124 21 -4 -25 -12 -19 -19 -8 -5 7 
127 20 -3 -29 -7 -21 -14 -12 -4 11 
124 23 -7 -25 -9 -23 -14 -9 -5 9 
124 24 -8 -24 -10 -25 -15 -10 -3 7 
127 30 -11 -26 -9 -27 -15 -12 -3 5 
127 28 -9 -25 -10 -25 -17 -9 -6 5 
127 26 -8 -25 -9 -23 -18 -12 -7 7 
127 28 -8 -24 -9 -25 -18 -14 -7 7 
127 32 -7 -23 -8 -30 -18 -10 -6 4 
120 35 -6 -21 -12 -27 -18 -10 -4 4 
119 35 -7 -23 -8 -28 -16 -12 -5 7 
124 36 -3 -32 -3 -30 -17 -8 -6 6 
127 23 -1 -30 -1 -21 -19 -3 -2 6 
121 15 0 -31 -1 -19 -11 -5 1 8 
122 19 4 -37 -5 -19 -7 -5 -1 4 
119 23 -1 -32 -5 -15 -12 0 -2 0 
113 24 -5 -27 -7 -16 -11 -2 -4 -1 
110 24 -4 -31 -11 -12 -4 -3 -2 4 
104 33 8 -34 -10 -16 -10 -8 -6 5 
99 34 2 -28 -12 -15 -10 -9 -7 6 
91 29 0 -19 -13 -12 -9 -9 -3 3 
80 33 3 -18 -14 -16 -3 1 6 3 
