124 15 -2 -14 -8 -3 5 -5 2 7 
121 18 4 -12 -3 -2 2 -7 3 9 
122 20 11 -12 -4 -8 0 -6 3 7 
124 18 7 -19 -10 -16 -9 -7 -3 7 
127 22 2 -31 -10 -14 -7 -7 -3 6 
127 25 1 -29 -3 -10 -3 -5 2 8 
126 25 1 -24 -10 -10 1 -1 -1 5 
127 25 0 -27 -13 -9 0 -2 -1 6 
127 21 -7 -23 -7 -9 -7 -6 4 9 
127 20 -9 -20 -2 -12 -9 -7 -1 9 
127 17 -11 -26 -4 -13 -7 -6 -7 5 
127 14 -8 -27 -3 -12 -8 -2 -2 3 
127 15 -9 -22 -5 -8 -11 -1 2 5 
127 14 -8 -21 -6 -10 -8 1 2 4 
127 11 -9 -19 -10 -14 -9 -2 0 6 
127 11 -12 -22 -9 -16 -7 -4 -1 6 
127 14 -14 -24 -3 -13 -8 0 0 3 
126 6 -12 -23 -10 -12 -10 0 -1 4 
127 7 -9 -25 -9 -14 -9 1 2 4 
116 13 -5 -25 -7 -13 -8 1 4 3 
104 13 -2 -24 -4 -10 -10 -4 -1 3 
109 17 -14 -22 5 -9 -13 0 -1 -1 
113 21 -12 -20 -5 -16 -11 -4 -2 2 
108 28 0 -21 -11 -19 -7 -4 -2 3 
118 30 -3 -30 -14 -22 -9 -2 0 2 
125 31 1 -32 -10 -19 -8 2 2 2 
115 32 9 -27 -6 -10 -2 4 1 3 
111 32 8 -21 -4 -12 -6 1 2 2 
119 33 -3 -30 -8 -21 -11 1 2 1 
119 32 -9 -34 -9 -21 -11 2 -1 4 
