99 44 43 18 2 -8 -10 -4 -2 -5 
109 48 51 21 -1 -10 -12 -6 0 -1 
111 55 53 20 1 -10 -13 -10 -7 -1 
112 58 48 17 3 -10 -14 -9 -5 -3 
102 56 39 17 6 -3 -9 -7 -5 -6 
98 56 40 22 11 1 -6 -7 -8 -8 
100 56 43 23 10 -1 -6 -7 -9 -9 
96 50 44 13 8 -2 -7 -4 -9 -8 
95 51 46 9 13 -4 -11 -5 -11 -7 
100 46 51 9 18 -8 -14 -9 -13 -9 
100 55 46 23 12 0 -9 -10 -13 -13 
107 60 41 17 3 -7 -13 -12 -11 -9 
113 61 36 9 -3 -10 -14 -10 -8 -7 
127 60 34 -4 -6 -16 -9 -2 -7 -5 
126 54 30 -8 -4 -19 -9 -5 -12 -10 
115 50 26 -5 -2 -16 -12 -8 -15 -13 
113 45 32 -5 -5 -12 -8 -5 -11 -7 
111 41 41 -9 -10 -13 -3 0 -8 -3 
107 53 47 5 -3 -17 -20 -12 -16 -6 
108 44 40 7 -9 -22 -28 -19 -14 -10 
95 30 38 6 -1 -15 -21 -13 -10 -12 
87 28 39 6 2 -12 -15 -9 -11 -15 
70 16 33 7 6 -8 -6 -3 -5 -7 
59 11 35 9 5 1 -2 1 -6 -2 
57 7 32 6 5 -2 -7 3 -7 -2 
59 8 28 4 10 0 -5 3 2 -1 
56 7 25 5 4 1 0 5 6 0 
51 5 27 6 -3 -4 3 4 5 1 
52 6 34 10 4 -5 5 4 2 1 
57 8 33 3 3 -7 -3 2 -3 1 
