127 14 -7 -31 -22 -12 2 -6 -5 -1 
126 8 -8 -29 -8 -13 -3 -8 -1 1 
125 8 -5 -32 1 -14 -2 -6 3 2 
126 9 2 -34 2 -15 -5 -2 5 2 
126 10 -1 -33 1 -15 -8 -1 6 1 
127 9 -4 -30 -3 -14 -6 -8 2 4 
111 13 -7 -33 -7 -14 -9 -7 -7 3 
109 10 -3 -34 -11 -12 -3 0 -5 -4 
106 9 -4 -30 -11 -11 -3 0 -5 -5 
98 17 -5 -28 -8 -16 -12 -9 -12 -7 
93 14 0 -22 -10 -24 -11 -13 -14 -9 
96 12 2 -19 -5 -19 -5 -6 -5 -2 
101 16 8 -27 -3 -17 -14 -7 -3 4 
99 17 4 -27 -6 -20 -12 -8 -2 1 
105 17 -1 -29 -3 -20 -12 -8 -6 -5 
111 18 2 -25 -3 -20 -13 -6 -8 -4 
111 22 2 -22 -4 -19 -16 -6 -4 0 
109 21 5 -25 -2 -18 -13 -6 -3 2 
107 23 8 -21 -5 -19 -9 -3 -1 6 
98 30 13 -21 -8 -24 -10 4 5 12 
100 29 12 -25 -4 -17 -9 3 3 12 
103 29 6 -29 -4 -12 -6 -2 -5 3 
113 24 5 -30 -8 -17 -10 -3 -4 1 
114 19 6 -30 -8 -15 -10 -7 -3 2 
111 22 0 -33 -8 -11 -7 -12 -6 1 
122 22 -3 -28 -8 -18 -12 -10 -7 0 
119 22 1 -28 -8 -21 -14 -10 -7 -3 
115 25 3 -32 -1 -22 -9 -10 -5 -3 
110 28 3 -27 0 -19 -8 -8 -4 4 
108 32 3 -25 -1 -10 0 -3 -5 4 
