116 23 7 -19 8 -17 -12 -8 -7 0 
112 24 8 -22 8 -14 -10 -14 -13 0 
115 20 4 -24 1 -11 -14 -19 -13 6 
121 14 -2 -23 -2 -19 -18 -19 -8 7 
121 11 -8 -28 2 -29 -15 -15 -6 -1 
122 11 -8 -23 1 -25 -17 -15 -6 -3 
120 15 -11 -15 -5 -19 -20 -15 -7 -3 
118 14 -9 -17 -7 -19 -21 -15 -9 -3 
123 10 -9 -19 -6 -21 -20 -15 -9 -2 
119 11 -14 -15 -8 -19 -21 -16 -7 -3 
113 12 -10 -21 -11 -21 -21 -16 -10 -2 
113 6 -3 -30 -23 -29 -16 -15 -10 -4 
113 2 -2 -35 -35 -32 -12 -10 -8 -9 
116 3 1 -39 -28 -34 -8 -10 -7 -7 
120 0 -2 -38 -26 -30 -10 -15 -9 -7 
126 -3 -8 -34 -28 -27 -14 -16 -9 -3 
115 7 -15 -30 -29 -26 -15 -17 -7 -3 
114 10 -16 -31 -29 -27 -15 -16 -7 -3 
124 8 -16 -31 -29 -25 -16 -15 -8 -4 
125 5 -14 -26 -23 -27 -18 -12 -7 -1 
127 -3 -11 -25 -10 -24 -19 -12 -9 -1 
117 6 -17 -23 -4 -17 -24 -14 -8 -5 
111 15 -15 -21 -4 -21 -25 -14 -9 -6 
122 26 -7 -18 1 -17 -19 -8 -4 0 
127 28 -6 -22 10 -13 -14 -14 -2 2 
98 29 4 -20 3 -20 -17 -13 -7 -3 
98 31 3 -21 -1 -20 -23 -5 -3 1 
91 31 5 -14 -10 -18 -20 0 2 4 
80 33 13 -4 -13 -17 -15 1 6 2 
70 23 12 -3 -7 -10 -8 -3 4 2 
