44 9 16 6 5 -2 5 3 3 -1 
39 9 15 5 5 -7 -5 2 -2 -2 
33 4 11 12 12 -2 -2 -1 -4 -4 
37 6 10 8 10 -3 2 -1 -2 -4 
38 13 10 7 5 -3 -1 2 -3 -5 
33 12 12 4 6 0 -1 1 -1 -2 
34 8 16 7 13 2 3 -2 -1 -3 
34 12 13 13 14 3 -1 0 2 -3 
30 11 10 4 12 8 1 2 4 -4 
36 9 10 2 7 5 -1 1 3 -2 
37 10 10 7 5 0 -2 0 4 -2 
37 16 13 5 5 0 -1 -5 -1 -3 
75 34 14 7 -2 -9 -5 -5 -2 0 
106 34 -1 -9 -2 -9 -1 -1 -5 -6 
125 26 -13 -7 12 -6 -3 -4 1 -5 
127 24 -18 -2 13 -7 -7 -4 2 -5 
126 22 -14 -5 13 -8 -8 -2 -1 -4 
119 22 -10 -5 13 -8 -5 1 -2 -3 
116 20 -10 -9 8 -4 -3 2 0 -2 
114 26 -4 -10 7 -1 -3 2 -4 -6 
109 31 -1 -7 14 0 -5 -2 -2 -8 
108 32 2 -8 13 3 -1 -6 -2 0 
102 27 6 -7 11 0 1 -4 -4 2 
92 24 4 -5 8 -3 1 -1 -7 -1 
90 27 6 -2 11 -2 3 -2 -7 -2 
86 29 12 -5 12 0 0 1 -5 0 
88 28 12 -5 14 3 -5 -1 -4 2 
95 28 6 -5 12 3 -5 -1 1 3 
96 25 4 -3 12 2 -6 1 -1 2 
94 29 10 2 14 -1 -8 -5 -7 -3 
