61 22 11 2 5 -4 7 1 5 3 
49 21 13 3 3 -4 -1 0 3 0 
91 35 3 -5 -3 -8 -7 -6 -3 -8 
113 36 -2 -9 -7 -11 -6 -6 -8 -7 
126 43 4 -9 -8 -8 -1 -2 -7 -7 
127 45 7 -4 -3 -9 1 -1 -4 -9 
121 44 9 4 4 -5 -3 0 -3 -9 
122 45 8 0 5 -4 -6 1 -2 -7 
125 49 9 -4 4 -5 -5 3 -1 -7 
126 48 11 -5 7 -6 -6 2 0 -7 
126 47 7 -6 11 -2 -5 -2 1 -7 
126 48 5 -3 8 0 0 -6 1 -9 
125 48 7 1 4 0 0 -6 -1 -7 
122 45 9 8 8 -6 -8 -3 1 -6 
121 41 9 11 9 -10 -9 1 3 -8 
123 40 9 11 12 -9 -11 0 2 -8 
120 37 7 14 18 -10 -18 -4 4 -5 
116 37 10 15 18 -8 -19 -5 5 -3 
112 34 11 14 19 -5 -13 -9 1 -3 
105 26 9 16 22 0 -8 -10 -1 -7 
99 29 13 12 21 0 -6 -5 -5 -8 
100 33 15 12 20 -10 -8 -5 -2 -5 
104 38 13 14 16 -12 -8 -4 -2 -5 
106 40 12 12 12 -10 -8 1 -3 -5 
103 39 14 8 8 -4 -5 -3 -2 -5 
103 33 14 13 12 0 -6 -6 1 -9 
103 33 13 16 12 -4 -8 -8 -5 -8 
104 37 8 12 8 -11 -9 -10 -7 -5 
98 33 4 -1 -1 -12 -11 -8 0 -7 
91 30 2 -2 -4 -11 -5 -4 -1 -6 
