35 23 11 -3 0 -8 0 2 0 -1 
49 38 18 7 9 -1 -4 -4 3 0 
66 33 10 6 2 -4 -5 -6 2 -2 
75 34 13 7 8 -2 -7 -9 -4 -3 
82 31 13 9 17 4 -10 -13 -1 -2 
87 32 9 12 10 1 -8 -14 -2 -6 
92 34 7 8 7 -6 -7 -9 -6 -7 
103 38 13 8 15 -3 -8 -8 -6 -5 
100 43 20 11 14 -1 -7 -9 -5 -8 
106 41 19 7 4 -1 -2 -5 -2 -7 
112 40 16 2 3 1 -2 -3 -2 -6 
119 41 12 -3 2 1 -4 -2 -5 -4 
121 39 6 -6 -1 -4 -5 1 -3 -1 
114 -3 -1 11 1 -18 -2 3 -5 -6 
111 -5 -1 9 0 -17 -1 4 -8 -9 
114 10 3 10 -1 -14 -3 0 -9 -11 
114 22 4 5 -3 -10 -5 -9 -7 -9 
119 25 -2 -5 -2 -9 -4 -4 -1 -6 
123 34 -4 -4 2 -6 -4 -4 0 -7 
120 39 -6 -11 -1 -1 2 -2 -5 -5 
117 32 -13 -17 1 -3 -2 -3 -2 -7 
113 30 -11 -17 -1 -10 -10 -10 -9 -12 
116 38 0 -10 -4 -8 -3 0 -8 -7 
115 40 5 -6 -3 -3 -2 1 -5 -4 
106 40 14 -4 0 -4 -7 -2 -4 -2 
87 31 14 -3 1 -4 -4 1 -1 -2 
89 38 20 -2 0 -7 -11 -3 0 -5 
83 39 26 3 -1 -10 -10 -4 2 -3 
65 36 21 7 2 -13 -3 -3 3 -3 
58 32 24 6 -1 -11 -5 -5 1 -4 
