49 10 28 10 13 0 1 6 2 -3 
75 31 36 14 5 -2 -5 0 0 -4 
127 62 47 8 -7 -11 -8 2 2 -3 
124 61 35 6 -7 -8 -5 0 -1 -3 
116 53 25 -4 -13 -11 -9 -3 -3 -6 
127 57 34 -9 -15 -15 -10 -2 -5 -8 
127 55 39 -13 -14 -16 -7 0 -5 -5 
127 59 31 -17 -15 -16 -8 4 -3 -2 
120 60 26 -11 -15 -17 -12 -1 -4 -2 
117 57 31 -12 -14 -14 -11 -2 -4 -2 
125 63 44 -19 -10 -19 -12 1 -6 -3 
127 68 40 -16 -9 -17 -11 -2 -6 -4 
122 65 35 -6 -9 -10 -12 -3 -2 -5 
121 65 34 -9 -5 -11 -9 0 -4 -2 
114 63 30 -4 -5 -14 -9 -2 -5 0 
111 61 32 1 -4 -10 -8 -2 -5 -3 
125 65 35 -8 -7 -10 -7 1 -5 -4 
127 63 46 -18 -7 -16 -2 8 -6 -3 
127 63 41 -14 -4 -14 3 11 -5 -6 
127 64 34 -12 -4 -9 1 4 2 -6 
127 59 33 -2 5 -8 2 0 -7 -5 
112 53 36 3 9 -7 1 -3 -14 -7 
77 32 40 -3 6 -8 -2 -2 -2 2 
118 52 32 -12 -10 -10 -4 0 -1 -3 
111 50 23 -5 -12 -10 -6 -2 -1 -2 
120 56 24 -5 -14 -14 -12 -8 -7 -9 
123 55 24 -13 -9 -12 -12 -5 -11 -13 
120 52 35 -21 1 -14 -11 1 -13 -9 
115 54 46 -17 6 -20 -15 -3 -13 -4 
121 57 46 -12 8 -23 -15 -1 -6 -6 
