58 16 4 20 14 -8 -5 -2 5 -7 
55 15 -3 19 9 -13 -3 -3 10 -4 
67 24 -5 17 12 -9 0 -4 7 -3 
76 29 6 14 15 -6 -1 -6 3 -3 
76 27 7 17 10 -4 5 -3 0 -7 
77 15 -1 23 17 -6 2 -4 4 -3 
78 16 -1 19 15 -10 0 -3 6 0 
79 21 -6 15 6 -8 5 -2 4 -2 
80 21 -6 17 7 -5 1 -2 5 -5 
77 21 -5 15 8 -9 -5 -1 5 -5 
76 17 -2 14 4 -12 -6 -4 8 -2 
77 20 -1 15 6 -9 -11 -6 11 2 
79 19 4 14 6 -8 -13 -6 9 4 
82 17 0 10 7 -5 -8 -5 5 -1 
82 16 0 13 9 -9 -8 -3 4 -3 
80 16 5 15 10 -15 -8 -2 2 -3 
84 18 -3 7 8 -11 -3 -4 -1 -5 
84 15 -4 -1 -4 -12 0 -1 -2 -9 
78 11 -1 -1 -8 -18 -2 -5 -2 -10 
71 17 -3 -1 -6 -16 -3 -14 -4 -10 
69 15 -11 -2 -5 -17 -3 -10 -3 -10 
68 11 -7 3 -2 -16 1 -4 -3 -7 
55 19 7 6 0 -19 -1 -3 0 -6 
53 15 7 5 0 -15 -7 1 3 -1 
46 20 1 7 6 -14 -5 0 7 0 
48 31 3 23 12 -19 -7 -1 10 -1 
45 37 16 30 17 -8 -9 -5 3 -4 
35 40 19 24 11 -1 3 -3 -1 -8 
26 30 23 14 6 -2 1 -8 -7 -6 
51 28 0 -12 -14 -13 4 12 4 -4 
