23 -6 -20 -11 -4 -20 -21 -5 1 -8 
33 -5 -24 -8 -1 -19 -17 -1 2 -7 
32 -5 -28 -7 -5 -17 -15 -1 4 -5 
36 -7 -31 -4 -11 -20 -17 -5 1 -9 
28 -6 -27 -1 -8 -23 -21 -6 -3 -9 
23 -3 -19 0 -4 -19 -21 -7 3 -4 
30 -7 -21 -3 -5 -20 -13 -4 6 -4 
32 -10 -32 -9 -9 -23 -14 -6 1 -6 
38 -4 -31 -8 -7 -15 -16 -5 -1 -5 
42 -8 -27 -6 -8 -15 -18 -5 0 -3 
33 -13 -32 -2 -6 -25 -20 -7 4 -7 
29 -10 -32 -3 -3 -26 -19 -5 6 -7 
37 2 -22 -5 -5 -19 -13 -3 3 -4 
48 5 -18 0 -5 -19 -16 -7 -2 -5 
60 0 -17 7 -2 -17 -14 -8 -2 -5 
67 2 -16 2 1 -12 -5 2 1 -2 
74 12 -13 -5 4 -12 1 6 2 0 
74 28 -7 -4 6 -12 3 11 3 -3 
65 24 8 11 15 -2 7 4 0 -5 
67 19 12 23 21 -6 6 1 -9 -2 
37 -1 8 0 -1 -8 0 3 -11 -3 
0 0 0 0 0 0 0 0 0 0 
0 0 0 0 0 0 0 0 0 0 
0 0 0 0 0 0 0 0 0 0 
0 0 0 0 0 0 0 0 0 0 
0 0 0 0 0 0 0 0 0 0 
0 0 0 0 0 0 0 0 0 0 
0 0 0 0 0 0 0 0 0 0 
0 0 0 0 0 0 0 0 0 0 
0 0 0 0 0 0 0 0 0 0 
