23 18 29 -9 -8 -21 17 -13 -20 0 
31 9 23 -15 -5 -19 21 -5 -21 4 
36 7 16 -15 -4 -19 19 -1 -23 6 
39 7 9 -9 -1 -17 14 -1 -15 2 
40 4 14 -11 -7 -15 18 -1 -7 4 
48 2 17 -21 -2 -15 22 -3 -10 7 
42 7 18 -18 1 -15 23 -1 -12 8 
39 14 24 -9 -3 -15 18 0 -13 6 
43 9 19 -11 -2 -12 14 0 -12 5 
37 12 13 -13 2 -14 14 0 -10 1 
43 17 9 -14 1 -11 11 -2 -11 1 
35 7 19 -12 -1 -17 17 2 -17 5 
27 1 23 -11 -1 -25 19 2 -16 2 
32 -7 8 -5 -1 -27 12 0 -13 3 
21 -9 12 -7 7 -30 15 1 -14 10 
26 1 17 -14 8 -29 21 -3 -10 8 
38 7 13 -8 6 -24 18 -4 -5 3 
42 7 13 -1 4 -18 16 -2 -7 1 
36 6 16 -2 3 -19 20 -1 -7 4 
33 4 11 -6 3 -20 23 -2 -8 3 
37 5 5 -8 3 -18 17 -3 -8 3 
43 4 3 -2 -3 -23 17 -4 -6 0 
40 2 7 1 -1 -26 20 -5 -4 -2 
41 11 14 1 9 -26 24 -1 -2 3 
45 23 13 -2 5 -24 23 1 -7 4 
40 15 15 5 3 -24 20 1 -7 -1 
34 16 16 10 -1 -25 16 1 -6 -3 
39 18 9 3 -5 -24 14 -1 -13 -3 
48 23 17 0 -1 -16 21 -7 -10 -1 
46 16 21 9 -2 -16 21 -4 -6 -3 
