-21 5 28 6 -4 -16 19 1 -17 19 
-8 -5 26 4 0 -14 25 1 -18 8 
-10 -4 26 4 1 -15 27 -1 -17 5 
-29 7 30 5 4 -23 20 1 -14 6 
-29 17 35 4 7 -26 21 -2 -14 7 
14 22 30 3 10 -22 20 -5 -11 11 
30 14 29 2 14 -14 18 -2 -10 8 
23 14 35 7 15 -19 21 -1 -10 5 
15 28 44 12 7 -24 15 -1 -11 9 
18 33 34 9 8 -17 14 -4 -14 7 
10 28 30 4 10 -16 14 -7 -10 5 
8 10 29 6 4 -24 15 -4 -7 5 
10 4 26 6 -2 -22 15 -5 -6 6 
-5 7 27 0 -4 -26 19 -5 -8 6 
-14 7 23 -4 -6 -31 16 -3 -8 2 
-13 10 22 -3 -5 -29 18 0 -10 0 
-15 7 23 -6 -6 -23 21 -1 -10 3 
-15 5 22 -8 -5 -21 23 0 -9 5 
-5 -1 17 -4 -1 -25 17 -5 -7 5 
7 -8 10 -3 0 -24 17 -5 -4 2 
-5 -6 12 -5 5 -28 24 2 -11 3 
-13 -4 18 -6 4 -26 23 -1 -13 3 
-20 -15 15 2 -4 -25 22 0 -7 4 
-29 -22 10 0 -5 -27 23 2 -7 6 
-16 -22 13 -9 -5 -22 25 -7 -13 1 
-16 -23 11 -13 -6 -22 26 -7 -13 1 
-22 -24 8 -10 -2 -19 26 -1 -6 1 
-20 -28 7 -10 -3 -15 24 -1 -3 1 
-16 -32 2 -12 -6 -17 23 0 -10 2 
-26 -31 2 -10 -2 -18 24 -1 -13 1 
