-2 14 14 7 0 -5 13 -3 -3 -2 
3 5 20 23 -7 -7 19 -6 -2 4 
33 14 9 2 -23 -18 13 -8 -6 5 
76 42 -18 -3 8 -16 13 -1 -16 5 
54 53 -14 8 1 -6 12 4 -12 4 
49 54 -8 9 5 2 7 4 -8 1 
43 53 -10 4 11 1 8 -1 -11 3 
58 45 -22 -13 1 0 10 1 -8 4 
62 41 -19 -16 -5 -4 11 -1 -9 2 
59 42 -16 -12 -4 -7 9 0 -10 1 
60 41 -17 -12 6 -6 6 0 -14 3 
60 35 -11 -11 3 -8 6 -2 -17 5 
54 36 -11 -3 -4 -9 4 -4 -18 2 
48 37 -9 -6 -3 -5 2 -5 -16 -1 
47 35 -14 -7 1 -2 2 -4 -15 2 
48 32 -18 1 -2 -9 5 -2 -16 2 
55 30 -13 -4 -7 -11 8 1 -15 -2 
63 32 -11 -8 -7 -14 15 3 -15 -1 
57 30 0 -4 -1 -10 12 3 -6 1 
50 24 2 1 6 -3 14 1 -7 4 
48 28 -7 0 3 -4 18 -2 -9 7 
48 33 -7 0 6 -4 14 -4 -6 6 
52 33 -7 -3 1 -3 17 -3 -6 6 
50 38 -4 -4 -1 -5 22 -4 -6 6 
51 36 -5 -5 7 -3 18 -5 -5 8 
51 35 -6 1 9 1 16 -8 -5 4 
49 32 -4 7 6 0 18 -8 -7 4 
48 31 -1 4 8 -2 19 -6 -8 7 
47 32 -1 4 9 0 19 -9 -8 7 
50 31 -3 5 7 2 19 -10 -8 7 
