43 -3 -1 7 -4 -28 2 3 -1 -6 
41 -4 3 8 -8 -25 -5 -5 -14 -10 
38 -6 6 2 -8 -23 -4 -5 -18 -10 
39 -4 2 2 -9 -21 -4 -2 -14 -10 
42 -8 3 9 -12 -24 -3 -5 -15 -11 
39 -10 11 4 -12 -30 -4 -6 -17 -11 
38 -2 7 4 -11 -30 -4 -5 -16 -13 
50 3 2 3 -9 -21 -2 -8 -19 -13 
52 2 7 3 -11 -18 2 -4 -20 -13 
45 8 13 2 -13 -17 6 -2 -20 -15 
50 7 7 -2 -11 -16 1 -6 -17 -12 
54 4 7 3 -5 -17 -1 -2 -10 -7 
51 5 5 1 -3 -17 1 4 -5 -1 
54 6 0 -7 -5 -13 9 6 -6 0 
56 14 3 -9 -6 -10 15 3 -7 0 
52 24 12 3 -4 -11 12 1 -8 -2 
48 23 13 8 -3 -15 9 8 -5 -3 
50 18 5 -6 -5 -15 4 10 -1 -1 
51 22 15 -3 -13 -12 8 9 0 -2 
37 22 24 5 -11 -7 10 -1 5 1 
32 21 24 8 -15 -9 15 2 0 0 
24 13 21 7 -10 -2 6 0 -5 -2 
31 20 14 9 -5 -9 -2 -4 -5 -1 
35 25 2 0 -3 -8 -7 -5 -6 1 
33 21 0 1 0 -11 -12 -2 -7 -2 
24 22 5 0 1 -14 -12 -5 -6 -6 
26 28 10 -3 5 -6 -4 -5 -2 2 
27 24 11 3 4 -7 -2 -2 -2 4 
24 22 7 2 -3 -7 -6 0 -1 -1 
19 24 6 -1 -6 -7 -7 1 -2 -2 
