-8 0 18 14 -12 -2 2 -4 -4 1 
-15 -2 14 10 -3 -7 1 -5 -2 -4 
-29 -7 22 9 -7 -7 2 -6 -2 -7 
11 17 27 -3 -24 -11 12 5 -2 -9 
56 24 10 -3 -12 -10 14 8 -1 -4 
68 11 -6 -3 0 -13 8 7 3 -4 
61 6 -12 -8 -8 -17 1 5 0 -7 
62 18 1 -10 -9 -7 7 10 -3 -3 
60 20 4 -4 -3 -5 11 10 -3 2 
60 17 7 3 -8 -7 14 5 -7 0 
60 8 5 2 -12 -9 14 0 -8 -1 
54 6 9 9 -5 -9 7 -8 -10 -2 
57 7 14 13 -6 -12 0 -10 -9 -6 
58 7 11 8 -14 -19 -3 -7 -8 -5 
63 9 9 5 -20 -19 0 -6 -8 -5 
58 11 17 5 -22 -18 -1 -9 -5 -5 
47 8 21 -1 -17 -18 -12 -17 -10 -7 
39 -1 7 -8 -17 -23 -14 -18 -20 -11 
44 1 -2 -3 -14 -28 -7 -11 -24 -11 
49 -1 0 -5 -18 -28 -14 -10 -22 -13 
48 -1 0 -5 -21 -27 -22 -13 -17 -12 
43 0 1 -2 -19 -30 -19 -17 -17 -13 
44 -4 -3 -1 -14 -27 -15 -20 -22 -11 
47 -6 -9 3 -17 -22 -18 -20 -23 -12 
48 -3 -10 2 -17 -23 -18 -19 -20 -13 
47 -8 -6 3 -17 -25 -17 -20 -21 -11 
42 -14 -8 8 -20 -27 -23 -24 -26 -12 
45 -11 -9 6 -18 -24 -22 -22 -18 -12 
45 -17 -8 4 -18 -23 -18 -22 -15 -10 
43 -13 -9 4 -20 -21 -11 -21 -11 -10 
