55 6 4 5 -10 -11 5 -7 -12 -6 
58 6 4 1 -11 -9 1 -8 -10 -6 
60 6 8 4 -9 -11 1 -6 -10 -5 
62 6 9 6 -10 -14 -3 -3 -11 -4 
58 10 9 7 -13 -19 -6 -7 -9 0 
56 7 6 8 -13 -23 -4 -6 -10 -2 
52 0 7 9 -19 -23 -3 -9 -11 -4 
52 3 15 11 -15 -20 -4 -6 -13 -4 
52 4 13 7 -15 -18 -4 -7 -14 -6 
47 6 9 5 -22 -21 -3 -14 -15 -2 
48 8 13 9 -17 -22 -2 -9 -12 -1 
48 8 14 12 -15 -23 -3 -7 -9 -7 
48 10 9 7 -13 -25 -4 -9 -14 -8 
51 2 8 2 -13 -24 -5 -12 -18 -7 
53 4 8 8 -18 -23 -6 -10 -14 -10 
55 13 9 5 -17 -21 -5 -6 -13 -13 
54 7 7 1 -14 -18 -3 -10 -16 -11 
50 7 8 7 -17 -18 0 -12 -14 -11 
51 7 7 8 -13 -17 2 -12 -11 -8 
49 6 4 7 -10 -15 -1 -8 -14 -7 
47 6 5 8 -9 -14 -1 -5 -16 -10 
48 5 7 4 -9 -14 2 -5 -16 -8 
51 3 2 3 -8 -11 3 -3 -15 -8 
53 1 1 7 -2 -9 3 1 -12 -7 
53 6 5 6 1 -14 3 3 -8 -6 
52 19 11 7 4 -14 10 5 -7 -3 
49 12 13 8 1 -7 14 10 -11 -3 
61 12 10 4 -8 -10 12 9 -8 -1 
65 23 8 0 -12 -12 13 4 -6 0 
44 24 13 -3 -17 -16 7 -1 -7 -4 
