107 53 39 5 1 0 -1 -1 -6 -7 
114 57 49 7 6 -2 -4 1 -4 -7 
122 56 48 7 3 -5 -8 1 -2 -8 
116 54 52 6 4 -5 -8 1 -5 -8 
107 50 62 6 7 -9 -3 1 -4 -5 
94 39 46 3 8 -9 -1 -1 -3 -2 
86 35 44 7 8 -7 -2 0 -1 -4 
82 28 40 4 0 -7 -5 -2 -2 -4 
91 39 39 12 7 -3 -8 -5 -6 -8 
105 50 38 9 -3 -12 -13 -10 -9 -7 
114 52 33 1 -13 -20 -16 -13 -11 -10 
127 49 26 -7 -10 -13 -6 -6 -5 -5 
127 33 23 -14 -13 -14 -6 0 -1 -1 
127 34 26 -13 -11 -12 -11 0 -7 -8 
123 47 23 -2 -7 -7 -10 -5 -4 -7 
118 42 19 -1 -7 -9 -9 -5 -4 -5 
118 32 22 -8 -7 -13 -11 -7 -5 -7 
101 29 32 -18 -2 -13 -11 -4 -1 -7 
86 32 40 -19 0 -11 -7 -4 -3 -6 
96 45 53 4 4 -9 2 -8 -8 -10 
95 52 49 19 9 -7 -6 -11 -12 -13 
63 22 31 8 4 -12 -7 -6 -2 -6 
59 12 31 5 5 -9 -4 -2 -3 -6 
54 7 22 -3 1 -7 -2 -1 -3 -5 
62 14 28 5 9 -5 -1 2 1 0 
63 18 32 9 14 -5 0 3 2 3 
62 14 35 12 7 -7 -4 7 0 -1 
65 12 32 9 1 -5 3 9 2 -2 
69 16 34 5 2 -3 3 4 1 -2 
62 12 34 10 4 -10 -5 0 2 -2 
