57 12 7 -3 5 -14 4 9 -2 -2 
46 16 8 -11 -2 -20 8 14 -5 -2 
53 10 2 -11 4 -17 4 14 -4 -2 
53 4 3 -10 2 -13 6 10 -5 -3 
52 5 4 -17 2 -17 6 8 -6 -3 
52 5 5 -19 6 -20 4 10 -4 -2 
52 7 6 -19 7 -20 4 10 -5 0 
53 12 3 -21 6 -18 0 10 -3 1 
49 8 -2 -18 6 -15 -3 7 -1 1 
45 5 -4 -18 7 -19 1 5 -3 2 
43 8 -5 -21 5 -20 3 7 -5 1 
44 6 -7 -17 6 -18 -1 9 -3 -2 
51 5 -6 -18 6 -21 0 8 -4 -2 
55 4 -5 -18 4 -20 -1 9 -5 -2 
50 3 -5 -15 5 -16 -5 11 -5 -2 
54 7 -9 -17 1 -15 -4 11 -3 -4 
51 9 -9 -12 0 -15 -1 10 -4 -5 
46 12 -9 -14 4 -18 3 10 -7 0 
49 14 -7 -18 4 -20 7 8 -9 2 
51 10 -6 -15 6 -19 7 7 -9 2 
51 12 -8 -16 4 -20 8 8 -9 2 
51 14 -7 -14 4 -18 5 9 -7 0 
51 15 -4 -12 6 -16 3 7 -5 2 
53 16 -1 -12 5 -16 5 9 -6 3 
56 16 0 -11 6 -14 4 11 -5 1 
58 18 3 -8 7 -11 1 10 -1 -1 
60 22 3 -8 7 -14 -2 8 0 -3 
59 18 -3 -9 3 -19 1 6 -4 -5 
60 12 -4 -3 4 -20 3 5 -6 -4 
68 14 -2 10 3 -11 2 14 0 -4 
