56 12 3 -3 -3 -7 7 8 0 -3 
54 6 3 -3 -2 -10 5 4 -2 -1 
59 9 -1 -4 -4 -11 6 5 -1 -1 
61 7 -6 2 -3 -11 2 7 -1 -4 
61 6 -7 -1 -4 -13 2 7 -3 -2 
61 11 -4 -2 -6 -13 2 9 -3 -3 
59 13 0 -4 -2 -14 -2 9 -1 -3 
52 12 -3 -13 0 -15 -1 9 0 -1 
43 5 -12 -13 -2 -18 -4 10 -3 -2 
50 16 -6 -12 2 -20 4 13 -4 -2 
52 19 -3 -13 2 -20 5 13 -3 -1 
47 12 -8 -10 3 -21 1 13 -2 0 
56 18 0 -9 3 -15 2 9 0 -2 
63 12 4 -1 -3 -14 5 9 -3 -3 
63 13 2 2 -2 -18 7 10 -8 -5 
62 18 -2 -4 -5 -12 9 7 -7 -8 
59 17 -6 -11 -3 -12 6 6 -7 -7 
55 15 -10 -10 2 -15 4 7 -5 -6 
55 18 -10 -12 3 -17 7 7 -4 -6 
61 22 -3 -8 5 -14 11 9 -4 -3 
60 13 1 -1 1 -12 9 10 -2 -1 
46 4 -9 -13 -7 -18 8 11 -1 1 
54 16 -5 -15 -4 -19 7 9 -3 -2 
57 13 -8 -11 -1 -16 4 9 -2 -5 
50 3 -8 -4 -4 -10 6 8 0 -4 
37 8 5 -10 -1 -13 7 7 -1 2 
39 16 8 -14 2 -13 5 9 -2 2 
41 19 15 -3 -9 -14 2 6 -7 0 
27 13 20 17 -9 -14 13 -2 -8 -6 
21 25 18 9 -7 -20 13 12 1 -3 
