23 22 15 14 9 -5 1 -1 0 -1 
26 22 19 19 17 1 2 0 -1 -4 
29 19 18 18 9 1 7 -1 -1 -3 
12 5 24 14 -5 -4 17 -9 -4 -4 
-13 -1 29 13 -1 -4 10 -4 2 -9 
-26 -6 19 17 2 0 10 -2 -1 -9 
-32 -10 14 12 1 0 12 0 -4 -8 
-34 -2 25 14 5 -1 20 1 -4 -5 
35 15 6 -4 -7 -12 16 7 7 -5 
58 18 3 -11 -8 -13 10 5 6 -5 
55 19 3 -12 -10 -10 9 4 3 -3 
36 23 3 -11 -5 -10 6 6 -3 -1 
52 18 0 -9 -7 -10 4 7 -6 -2 
62 9 -5 -10 -10 -10 5 6 -3 -4 
62 7 -12 -22 -10 -15 1 4 -2 -7 
53 13 -6 -23 -11 -14 1 1 -1 -7 
45 10 6 0 0 -13 -2 0 0 -7 
55 7 -3 -2 -3 -11 -1 4 -3 -6 
59 7 -14 -5 -3 -13 -1 5 -3 -7 
61 8 -6 1 -4 -11 4 5 -3 -5 
48 15 10 7 -7 -10 8 5 -6 -1 
63 13 -1 1 -4 -4 8 11 -3 -3 
63 7 5 5 -11 -6 10 6 -6 -3 
49 12 28 23 -13 -14 0 -7 -11 1 
53 20 31 23 -13 -14 -1 -11 -12 1 
61 20 15 8 -12 -11 2 -3 -4 -2 
59 14 12 10 -13 -11 3 -3 -6 -3 
49 17 17 18 -10 -14 -3 -17 -10 -1 
50 19 13 15 -9 -17 -10 -15 -3 -1 
54 14 21 14 -12 -17 -8 -10 -6 0 
