95 9 12 6 24 17 10 5 -9 -6 
98 17 10 5 23 11 9 4 -8 -6 
106 13 14 15 18 8 11 0 -11 -8 
106 12 17 15 12 13 12 1 -12 -10 
106 10 20 14 17 12 7 -1 -10 -6 
105 9 22 8 24 12 5 0 -12 -5 
102 13 18 6 20 13 7 -3 -11 -5 
104 13 15 10 19 9 7 -3 -8 -5 
106 15 11 8 19 11 8 0 -10 -8 
102 13 11 5 19 14 8 -3 -15 -6 
98 1 12 5 20 14 13 -1 -20 -6 
96 2 15 -3 26 16 17 1 -19 -7 
96 -3 19 5 22 4 13 3 -18 -5 
98 1 17 13 21 0 13 2 -17 -3 
101 10 12 4 31 19 15 -3 -16 -8 
110 9 15 4 26 13 14 -6 -18 -6 
109 11 14 9 24 2 13 -6 -16 -5 
96 10 13 9 26 0 8 -1 -13 -3 
98 13 8 8 30 9 14 1 -14 -4 
106 18 4 5 27 13 11 -5 -13 -7 
85 32 16 10 21 6 2 -15 -18 -11 
65 29 6 1 14 -2 -10 -22 -18 -12 
51 32 16 5 6 -9 -7 -10 -11 -6 
40 25 14 12 8 -2 -6 -2 -11 -8 
29 16 7 9 5 -1 -1 1 -3 -4 
21 15 11 6 5 -1 -1 2 6 -4 
21 14 10 3 10 -1 -3 2 5 -6 
22 15 6 8 7 -4 -2 5 0 -5 
21 13 9 9 4 -4 -1 1 -5 -6 
25 9 2 4 8 3 2 -3 -6 -6 
