21 22 15 6 -4 -11 -11 -3 -7 -2 
19 21 13 2 -1 -7 -5 -6 -3 2 
19 20 14 3 0 -8 -5 -6 -6 2 
17 17 10 -1 -3 -8 -7 -4 -10 -2 
22 18 6 0 0 -4 -6 -5 -7 1 
23 16 5 2 2 -8 -7 -13 -9 2 
19 15 10 3 1 -10 -9 -11 -9 -4 
89 43 2 -6 -6 -12 -13 3 5 0 
98 42 0 -6 -3 -12 -9 12 1 2 
93 35 0 -10 3 -9 -17 12 -3 4 
90 32 -11 -17 1 -12 -25 3 -10 3 
97 32 -20 -12 0 -14 -24 -1 -11 0 
101 24 -25 -5 -2 -11 -22 7 -6 -3 
91 22 -25 -2 -5 -21 -16 9 -13 -3 
80 15 -13 -9 -6 -21 -15 10 -15 -3 
66 19 -8 -11 -5 -16 -13 11 -11 -1 
41 24 4 -13 0 -15 -15 14 -12 1 
41 17 2 -14 0 -15 -14 12 -14 2 
55 14 2 -4 3 -13 -7 12 -8 4 
59 8 -5 -5 9 -14 -6 16 -8 6 
61 7 -3 -3 8 -17 -7 15 -11 4 
57 16 16 11 -14 -17 -2 10 -16 -3 
53 6 9 2 -31 -18 3 5 -21 -6 
48 4 18 5 -30 -27 5 5 -23 -8 
36 10 19 6 -25 -30 -1 1 -20 -5 
28 11 16 8 -21 -29 -7 -2 -15 -5 
19 3 20 10 -17 -33 -12 -8 -14 -4 
17 0 15 7 -10 -32 -4 -8 -11 3 
25 17 15 8 -4 -26 -7 -7 -15 -6 
29 25 16 6 -3 -11 -10 -10 -14 -12 
