26 17 12 0 -9 -12 -8 -3 -5 2 
24 22 12 -5 -4 -10 -12 -6 -7 2 
26 25 15 -3 0 -8 -12 -6 -4 2 
32 23 18 1 -4 -14 -11 -8 -4 0 
30 25 14 1 -5 -12 -10 -7 -3 3 
27 24 11 0 -3 -5 -5 -4 1 8 
26 22 11 3 -5 -10 -5 -2 2 5 
-4 23 4 20 -10 -16 -12 6 -7 -6 
50 38 3 18 -11 -19 -15 10 1 -1 
66 39 6 11 -7 -24 -16 9 -5 6 
72 41 2 0 -10 -20 -11 12 -9 3 
76 42 -3 -9 -14 -15 -4 13 -12 1 
79 32 -4 -17 -2 -9 -10 11 -8 3 
86 32 -5 -8 11 -15 -14 12 -8 -1 
88 30 -1 -7 9 -15 -10 11 -12 -2 
89 24 1 -5 9 -14 -9 14 -10 -3 
77 19 6 -6 11 -10 -9 11 -8 -1 
61 21 5 -15 7 -13 -10 9 -10 2 
60 22 3 -16 4 -11 -6 9 -10 0 
64 24 3 -11 3 -8 -5 7 -11 0 
66 23 6 1 -1 -16 0 10 -14 1 
70 19 7 9 -12 -16 4 11 -13 -2 
69 9 5 11 -17 -10 2 6 -11 -5 
61 6 3 11 -15 -6 1 5 -8 -6 
53 14 5 6 -5 -8 -3 5 -7 -2 
48 8 6 7 -4 -13 -4 2 -9 -4 
40 7 5 5 -13 -11 -6 2 -9 -7 
36 7 7 3 -15 -13 -4 4 -13 -6 
39 9 11 4 -14 -16 3 10 -11 -5 
46 14 14 2 -15 -17 2 9 -14 -6 
