59 10 27 1 7 -11 -4 7 1 -3 
63 6 27 1 6 -6 -8 2 5 0 
107 37 50 14 11 -3 -14 -6 -2 -8 
126 59 48 4 -1 -11 -12 -2 1 -3 
127 62 43 -2 -11 -20 -11 1 4 2 
127 59 38 0 -17 -21 -13 -3 2 2 
120 61 32 4 -12 -13 -10 -6 -3 -2 
115 61 33 5 -9 -11 -9 -5 -3 -3 
125 67 36 2 -13 -13 -11 -5 -1 -1 
122 66 34 3 -11 -15 -13 -7 -2 -1 
113 63 33 6 -8 -14 -15 -8 -3 -1 
116 65 36 3 -8 -14 -15 -5 -3 -2 
127 70 38 -6 -10 -11 -11 -2 -4 -4 
127 68 35 -8 -9 -10 -7 -2 -5 -4 
127 68 32 -9 -9 -13 -9 -1 -4 -4 
127 72 36 -14 -6 -16 -11 -1 -3 -3 
127 67 38 -16 0 -11 -8 1 0 -5 
127 62 36 -16 4 -8 -8 4 0 -9 
127 63 27 -6 -3 -10 -5 4 -6 -9 
123 61 27 -2 -5 -7 -4 0 -7 -9 
122 61 29 -2 -6 -6 -5 1 -3 -6 
126 59 28 -3 -6 -5 -2 0 -4 -7 
120 59 28 4 -2 -3 -2 -1 -4 -8 
119 58 27 5 -3 -6 -4 0 -2 -5 
127 52 20 -9 -7 -15 -10 -2 -4 -8 
127 55 22 -19 -7 -16 -9 -5 -8 -7 
127 41 25 -32 -15 -14 -9 -10 -11 -10 
127 33 17 -35 -20 -17 -10 -9 -12 -14 
124 35 10 -35 -22 -24 -9 -4 -9 -11 
119 37 15 -37 -25 -26 -9 5 -1 -5 
