73 18 -1 -7 4 -3 -6 -16 -32 -11 
68 25 3 -2 5 -7 -10 -15 -27 -10 
68 25 6 0 5 -9 -10 -13 -26 -8 
59 19 9 4 10 -10 -10 -16 -21 -7 
58 16 7 10 15 -5 -8 -14 -18 -8 
63 12 4 7 18 8 1 -8 -18 -10 
65 3 8 12 19 15 12 -2 -17 -6 
76 2 7 13 26 12 14 -2 -16 -8 
84 12 -3 9 31 11 12 -1 -10 -9 
89 18 -8 7 26 12 13 -2 -7 -1 
95 11 -5 4 20 16 15 -1 -11 -3 
95 6 -6 7 20 19 12 -2 -13 -2 
94 14 -2 1 25 18 4 -1 -16 -1 
96 15 6 -3 17 18 8 -3 -19 0 
99 16 7 -2 13 17 10 -7 -16 1 
102 15 2 2 16 13 6 -3 -12 -2 
98 15 -1 5 19 13 6 -2 -10 -3 
91 17 1 2 27 17 2 1 -11 -4 
93 21 0 -5 23 16 5 -7 -16 -3 
96 25 -7 -5 21 12 9 -8 -18 -4 
93 22 -6 -1 24 10 6 -3 -17 -5 
93 14 -6 2 23 13 14 -9 -21 -7 
98 11 -6 4 25 14 14 -11 -19 -9 
89 14 3 3 29 14 4 -6 -20 -14 
83 17 2 3 24 13 4 -8 -25 -11 
85 12 -6 -1 9 13 7 -13 -24 -6 
78 11 -11 -6 3 8 0 -13 -22 -5 
72 20 -12 -7 3 3 -8 -10 -22 -5 
73 22 -10 -7 2 3 -11 -12 -21 -5 
77 15 -13 -11 3 -1 -11 -16 -19 -10 
