19 20 13 11 0 -6 -9 -3 -2 -2 
22 25 8 13 -8 -11 -13 -1 -10 -10 
66 44 13 17 -8 -14 -8 5 -7 -2 
66 41 12 12 -2 -15 -14 5 -4 5 
81 35 -8 -10 -9 -11 -14 11 -5 3 
70 31 -7 -14 0 -12 -22 12 -9 5 
63 30 -10 -10 6 -9 -17 8 -7 5 
71 31 -18 -11 3 -13 -14 6 -8 2 
88 20 -11 -5 6 -13 -14 15 -10 0 
87 15 -5 -7 4 -7 -15 15 -9 2 
80 16 -2 -8 1 -8 -15 9 -8 1 
84 24 -9 -4 -5 -15 -13 6 -7 -3 
85 23 -5 1 0 -13 -9 8 -4 -1 
77 19 1 -1 8 -10 -8 9 -3 0 
74 28 2 -11 6 -11 -9 9 -6 2 
78 27 1 -13 0 -16 -8 11 -10 0 
82 15 -7 -4 -2 -18 -8 8 -10 -2 
82 14 -10 6 5 -15 -6 7 -9 -1 
67 16 -4 6 13 -14 -7 12 -10 1 
53 13 1 -2 4 -20 -8 17 -8 5 
53 12 8 -2 5 -19 -8 20 -9 5 
54 14 6 5 6 -19 -9 19 -10 0 
55 15 2 8 3 -19 -9 16 -6 1 
60 7 -3 3 -1 -17 -7 15 -7 -3 
62 5 -4 0 -7 -21 -7 11 -11 -7 
46 24 3 -3 -12 -22 -4 9 -18 -2 
42 10 -6 1 3 -18 -9 10 -13 -1 
49 2 -13 -4 5 -22 -10 15 -6 1 
56 1 -19 -9 -1 -22 -12 13 -5 2 
68 4 -15 -9 -6 -18 -12 10 -3 0 
