36 32 21 14 7 -7 -9 -6 -9 -10 
66 43 20 4 -9 -13 -10 5 -1 -5 
94 45 8 -7 -3 -15 -11 8 -5 -3 
103 42 -5 -10 2 -13 -15 7 -4 2 
100 28 -2 -8 -2 -16 -13 11 -7 -3 
98 27 -3 -8 -3 -15 -16 9 -8 -4 
102 36 -11 -5 2 -9 -20 7 -6 -3 
94 44 -12 -10 4 -12 -17 14 -12 3 
88 36 -9 -11 -1 -14 -15 16 -11 1 
95 24 -8 -9 -2 -11 -13 11 -6 -1 
92 19 -11 -3 -1 -12 -13 9 -6 -2 
80 18 -10 -2 4 -17 -13 8 -10 -1 
74 26 -11 -8 6 -23 -10 8 -10 0 
80 37 -7 -12 1 -18 -10 14 -12 -7 
75 31 -6 -10 5 -13 -13 13 -6 -1 
64 19 -8 -1 7 -15 -13 12 -6 -1 
61 15 -13 0 -2 -20 -13 8 -8 -1 
67 28 -17 -3 -9 -19 -13 6 -9 2 
72 35 -18 -4 -5 -16 -13 7 -6 0 
65 36 -14 -10 1 -12 -10 9 -4 1 
54 27 -15 -7 2 -14 -12 12 -6 -2 
54 13 -15 -9 10 -13 -11 8 -7 -2 
62 -2 -6 -12 3 -20 -12 4 -11 -4 
72 0 -7 -15 -4 -22 -14 5 -12 -5 
74 14 -17 -16 -13 -19 -16 5 -13 -5 
70 22 -15 -13 -16 -17 -10 6 -11 -2 
57 26 -8 -10 -8 -18 -9 12 -10 -3 
57 7 -18 2 5 -20 -12 13 -13 -6 
76 0 -25 3 2 -19 -12 12 -8 -6 
88 -3 -22 1 -2 -20 -11 9 -6 -3 
