94 41 -7 -4 -1 -10 -18 9 -15 2 
82 33 3 -9 -4 -6 -15 13 -12 4 
82 36 4 -8 2 -7 -17 10 -12 4 
89 54 4 -4 15 -7 -22 7 -9 2 
102 59 0 -8 -1 -6 -9 9 -9 -1 
100 31 3 -1 -4 -10 -14 11 -8 0 
98 27 8 1 -3 -8 -16 14 -9 2 
102 41 -2 -7 -5 -12 -8 14 -8 -1 
103 44 -4 -2 3 -19 -5 14 -11 0 
95 46 1 8 7 -18 -9 11 -10 0 
99 51 4 0 7 -15 -16 14 -7 -2 
103 30 4 -4 3 -12 -15 14 -7 -2 
103 29 0 -7 -3 -11 -21 11 -9 -7 
102 46 1 -14 -3 -9 -16 12 -10 -7 
98 52 2 -4 -1 -10 -11 14 -14 2 
101 53 4 -2 -3 -13 -11 13 -14 5 
103 46 3 -2 -7 -13 -6 10 -14 7 
89 25 14 -10 2 -4 -19 11 -10 3 
88 23 3 -15 2 -2 -19 16 -10 1 
89 35 -6 -17 7 -7 -21 19 -13 0 
86 44 2 -10 10 -11 -22 13 -13 3 
93 40 0 -5 6 -10 -14 15 -8 2 
101 44 3 -7 4 -13 -15 19 -9 6 
96 56 4 -1 -2 -15 -15 10 -9 5 
95 45 -5 15 12 -11 -12 8 -9 5 
97 42 0 12 16 -12 -12 13 -10 9 
77 48 19 7 9 -15 -6 11 -13 -1 
61 39 12 7 8 -11 -10 2 -17 -7 
56 35 23 8 16 7 -10 -10 -17 -12 
57 30 17 5 20 8 -11 -6 -11 -15 
