89 43 16 -3 -1 -10 -14 13 -9 0 
81 45 16 -7 2 -10 -14 16 -10 -3 
76 47 11 -12 -4 -14 -12 20 -11 -5 
92 34 8 -6 -1 -8 -11 14 -9 1 
97 32 8 -5 0 -7 -7 10 -9 3 
98 33 -1 -7 -5 -8 -7 12 -8 2 
85 30 10 -13 3 -6 -10 13 -8 1 
80 41 16 -15 7 -11 -7 13 -9 2 
86 38 10 -10 8 -12 -8 13 -9 3 
80 29 12 -6 3 -6 -7 7 -6 -2 
68 43 19 -6 6 -10 -4 11 -8 1 
77 37 13 -2 14 -7 -7 13 -8 2 
93 28 10 -5 8 -1 -7 12 -6 1 
88 34 10 -5 6 -3 -7 13 -6 -1 
82 41 19 1 8 -11 -7 13 -8 1 
85 34 20 -4 13 -6 -7 12 -8 1 
84 32 11 -8 7 -5 -8 12 -6 2 
79 37 4 -7 0 -8 -8 11 -9 2 
70 36 6 -4 3 -10 -8 12 -11 2 
83 46 9 -9 4 -14 -13 13 -8 -2 
89 46 6 -7 3 -12 -13 13 -6 0 
89 41 -4 -9 5 -10 -8 12 -4 1 
97 43 -2 -11 1 -12 -11 12 -7 1 
99 45 1 -7 2 -11 -15 14 -7 1 
99 45 -5 -8 9 -9 -13 13 -8 0 
95 45 -7 -15 9 -12 -13 12 -5 1 
89 50 1 -11 5 -11 -14 10 -4 2 
91 61 13 -7 0 -7 -14 8 -8 -3 
89 38 8 -5 2 -3 -15 11 -10 1 
81 38 5 -7 0 -4 -15 11 -9 2 
