58 31 18 17 28 11 11 2 -3 -7 
62 35 13 9 30 16 8 -2 -8 -5 
60 35 13 10 32 19 2 -4 -14 -6 
60 34 14 12 32 18 4 -5 -15 -5 
79 41 21 12 19 3 7 -6 -20 1 
80 49 19 11 10 -1 2 3 -18 4 
73 50 18 2 1 -6 3 8 -16 5 
61 45 15 -4 4 -1 -6 8 -18 4 
71 53 14 -3 7 2 -12 6 -18 3 
76 49 21 -5 9 -4 -11 7 -16 3 
82 43 15 -6 6 -10 -15 10 -11 4 
93 45 4 0 4 -9 -10 12 -10 1 
85 40 13 1 7 1 -4 8 -17 2 
80 42 23 12 16 5 -6 3 -17 0 
93 49 21 4 10 0 -8 1 -10 -1 
93 41 17 -1 9 -3 -17 3 -10 -2 
91 36 17 4 10 -2 -16 2 -11 -2 
88 36 20 10 10 -2 -5 -3 -15 2 
85 31 20 5 8 0 0 -3 -20 1 
91 31 10 7 0 2 -2 2 -18 -3 
94 27 6 12 0 -1 -4 0 -12 0 
93 28 9 8 7 -2 -4 -3 -10 1 
88 37 13 1 12 -6 -5 1 -15 -2 
93 36 12 0 16 -5 -7 4 -14 2 
100 32 14 6 14 -2 -5 1 -10 3 
92 29 12 9 13 2 -5 -1 -11 2 
80 30 6 5 13 0 -6 1 -16 1 
87 38 5 -2 14 -4 -8 5 -13 4 
91 36 4 -7 14 -3 -10 3 -14 6 
90 24 8 6 10 -2 -9 -2 -15 2 
