103 -1 -16 1 0 -5 -5 -15 -4 1 
97 -3 -18 4 -9 -5 -9 -12 -6 1 
102 -3 -19 7 -12 -4 -7 -9 -2 -1 
109 3 -19 5 -10 -8 -5 -9 -3 -1 
109 3 -14 3 -10 -6 -9 -11 -1 0 
107 -1 -17 5 -12 -4 -9 -11 0 1 
102 -12 -21 2 -15 -6 -8 -8 0 3 
103 -9 -15 3 -7 -8 -7 -6 1 1 
105 -1 -14 9 -1 -5 -9 -6 1 -3 
108 3 -8 15 -3 -2 -7 -9 -2 -2 
112 8 -4 14 0 -1 -4 -7 -1 0 
117 15 -4 12 5 1 -4 -6 1 0 
116 25 -3 11 5 -2 -5 -5 1 5 
106 30 3 10 5 -2 -6 -3 5 8 
88 45 19 16 11 7 -2 -5 1 4 
64 49 30 24 14 9 5 0 2 -1 
50 46 25 16 9 12 6 1 4 0 
41 36 19 13 10 9 3 2 3 -2 
38 30 20 12 15 8 5 3 2 -4 
36 24 16 15 11 10 7 -1 -3 -3 
35 21 10 13 8 8 4 0 -3 -4 
43 31 16 15 9 7 4 1 3 -2 
46 30 16 15 7 8 6 -2 1 -1 
40 27 15 9 4 7 3 -5 -5 -6 
38 34 17 12 3 3 3 1 0 -4 
39 31 11 15 4 2 4 0 0 0 
39 31 19 14 7 0 4 2 -2 1 
41 31 26 14 9 0 3 5 -1 -2 
41 32 21 14 14 -1 -2 -2 -4 -3 
41 35 16 8 11 3 2 1 1 1 
