78 46 21 19 11 13 16 13 9 5 
67 52 24 12 13 20 13 15 9 6 
62 46 18 10 16 20 14 16 8 4 
61 34 12 7 5 3 8 6 2 1 
64 30 14 10 7 5 9 6 4 7 
51 26 11 7 6 14 10 8 10 7 
55 25 15 8 10 17 8 5 15 5 
63 26 14 11 12 17 10 7 15 6 
69 30 14 8 9 21 15 12 14 7 
68 33 14 1 8 27 15 8 12 10 
64 23 11 6 10 21 5 10 14 5 
59 16 11 1 4 13 -5 7 15 0 
54 13 11 -3 -1 13 -3 4 14 -2 
53 18 15 2 3 14 4 8 13 0 
50 25 16 6 5 10 7 7 9 1 
57 29 15 9 7 15 9 8 14 8 
57 29 15 9 9 15 8 10 15 9 
51 34 18 9 12 14 4 2 9 3 
48 34 19 10 9 13 9 2 7 3 
40 30 17 10 7 9 7 4 10 5 
41 28 15 5 5 10 6 5 8 6 
41 32 19 7 8 6 9 4 0 3 
40 32 17 10 10 0 5 3 0 3 
46 32 12 14 9 0 6 1 3 1 
49 33 15 14 12 3 6 2 0 0 
46 35 21 16 13 9 7 8 4 4 
35 37 23 19 10 9 6 7 8 7 
27 31 15 10 -2 2 -2 -3 1 0 
57 16 10 6 2 4 0 2 1 -3 
0 0 0 0 0 0 0 0 0 0 
