44 32 23 15 10 13 3 0 -3 -2 
43 33 24 12 11 13 5 2 -1 0 
45 32 24 10 11 8 3 1 -1 -1 
42 26 18 8 8 4 2 -1 -6 -3 
44 29 15 4 2 3 4 -3 -3 -5 
44 36 20 8 1 1 4 -3 -1 -5 
39 33 19 12 6 3 4 0 -3 -7 
32 25 19 8 7 6 3 2 -1 -5 
33 20 17 7 7 6 1 3 2 -1 
39 33 15 10 13 10 5 6 3 0 
39 40 21 16 10 11 9 4 -2 0 
42 37 24 15 5 3 6 5 -2 2 
67 28 8 4 5 2 -3 -5 3 5 
86 34 -2 -1 1 2 -8 -11 2 4 
93 27 -9 -2 1 -1 -11 -12 1 1 
96 16 -14 -5 0 -4 -14 -13 -1 1 
101 17 -14 -5 4 -6 -13 -9 -3 2 
99 11 -15 -5 2 -8 -11 -11 -6 4 
102 11 -17 -2 -3 -7 -10 -11 -3 2 
103 15 -17 -4 -4 -5 -9 -10 0 -2 
100 12 -18 -7 0 -4 -13 -10 0 -2 
104 11 -18 -5 1 -5 -15 -10 1 0 
108 13 -19 -3 -1 -5 -14 -14 3 5 
108 12 -20 -3 -5 -7 -14 -13 0 2 
109 14 -20 -3 -3 -7 -11 -8 -1 0 
111 15 -25 -3 2 -8 -11 -10 -2 -1 
111 11 -22 -2 4 -6 -15 -12 -5 -5 
110 11 -17 -1 3 -1 -17 -10 -3 -3 
112 14 -17 -5 4 -1 -18 -10 -3 -1 
111 11 -16 -4 2 -3 -16 -14 -5 -3 
