109 14 -20 -3 -3 -7 -11 -8 -1 0 
111 15 -25 -3 2 -8 -11 -10 -2 -1 
111 11 -22 -2 4 -6 -15 -12 -5 -5 
110 11 -17 -1 3 -1 -17 -10 -3 -3 
112 14 -17 -5 4 -1 -18 -10 -3 -1 
111 11 -16 -4 2 -3 -16 -14 -5 -3 
107 10 -22 -5 -4 -6 -18 -17 -4 -4 
112 16 -23 -4 3 -6 -16 -11 -1 -1 
110 11 -21 -4 5 -8 -11 -9 -1 2 
100 8 -24 -3 4 -6 -9 -8 1 6 
98 9 -23 -3 2 -3 -12 -8 2 5 
101 9 -21 -2 3 -5 -14 -11 1 2 
104 9 -24 0 3 -9 -14 -13 -2 2 
105 4 -26 -1 -3 -7 -12 -14 -4 0 
103 1 -24 -4 -3 -2 -10 -11 -3 -1 
98 -1 -24 -6 1 -7 -10 -8 -1 2 
97 4 -21 1 5 -3 -8 -6 4 6 
91 3 -12 6 5 5 -8 -8 4 5 
78 -2 -10 7 4 3 -10 -13 -1 7 
67 -5 -13 4 0 -4 -7 -11 -2 11 
60 6 0 10 7 2 5 -1 5 11 
55 21 3 8 13 8 0 0 3 3 
47 28 11 6 5 1 -9 0 -3 -4 
34 33 17 15 14 0 -8 1 -1 -5 
35 37 18 10 13 8 1 -2 2 0 
40 35 20 4 5 8 4 -1 -2 0 
40 28 17 6 7 2 1 1 0 1 
41 27 19 15 11 4 -1 -1 3 4 
41 29 21 20 13 5 -2 -2 0 2 
33 26 19 17 9 2 1 -3 -2 -2 
