43 35 17 15 9 6 3 5 0 4 
45 28 16 14 9 5 6 4 1 1 
46 22 10 9 0 2 4 3 1 -3 
41 20 9 5 -1 1 2 1 1 -3 
41 17 5 4 1 1 4 3 4 3 
44 12 4 7 4 3 3 8 10 6 
40 11 5 8 5 1 -2 7 10 5 
39 11 -1 2 5 -3 2 6 6 1 
43 12 -1 7 11 -1 5 10 8 3 
43 18 7 13 8 5 1 8 13 1 
41 24 11 10 7 8 3 4 8 -1 
33 21 10 11 9 4 2 3 0 -2 
31 18 12 7 4 3 0 4 3 1 
44 19 15 13 6 10 1 2 6 4 
49 26 20 20 13 14 5 3 8 3 
45 35 22 15 13 7 6 7 11 8 
38 34 20 13 6 -2 4 7 12 11 
39 28 14 9 2 -4 -3 0 5 5 
37 26 13 6 -2 -3 -6 -3 0 3 
34 25 20 14 7 6 3 4 1 1 
35 28 20 12 10 9 4 7 7 2 
40 34 18 10 8 6 -2 3 8 1 
39 31 13 8 10 5 1 -2 -1 -1 
38 28 12 6 8 6 1 0 4 3 
34 29 11 7 4 2 -4 1 6 2 
33 31 12 10 9 3 2 2 3 1 
31 29 16 17 13 3 5 4 5 4 
42 33 15 13 6 0 5 6 5 5 
50 33 15 14 4 4 9 5 6 6 
40 32 19 17 8 9 7 7 9 2 
