70 45 27 16 8 1 -5 -6 -1 -1 
81 47 24 12 3 0 -7 -6 1 -1 
79 51 24 14 0 0 -6 -8 2 3 
74 53 30 15 2 -7 -7 -7 2 7 
75 46 25 12 1 -6 0 0 0 1 
74 37 16 11 3 3 2 5 1 -5 
74 41 19 7 5 3 0 3 2 -2 
78 49 23 7 1 -3 -2 -1 -1 0 
83 56 27 13 -4 -7 0 -4 -5 0 
85 56 32 10 -5 -5 -8 -6 2 3 
88 51 25 6 -1 -1 -14 -7 3 3 
86 49 20 4 1 1 0 -3 -2 -2 
77 47 19 7 4 4 8 0 -5 -4 
77 45 22 13 2 -3 -3 -2 -5 -1 
79 50 29 18 -2 -7 -6 -2 -3 1 
79 48 26 18 2 -4 -9 -4 -1 -1 
74 48 26 18 8 -1 -6 -1 1 -1 
66 48 30 21 8 1 1 3 1 -1 
51 41 21 21 11 5 4 -1 2 -2 
41 40 22 21 9 11 2 -5 2 -1 
37 35 20 21 4 7 3 -3 0 -3 
36 36 19 16 7 4 7 0 -1 -3 
43 38 29 18 14 7 8 4 3 2 
44 35 31 23 16 2 5 6 7 4 
35 32 23 16 11 1 -1 1 1 -2 
37 32 16 16 9 4 1 -1 -3 -3 
44 33 11 9 9 4 2 -1 -1 3 
49 36 17 8 11 7 0 -3 -2 0 
53 42 20 13 14 7 1 1 2 -4 
48 44 23 13 13 3 -1 3 3 -2 
