44 25 16 5 5 1 -3 -1 -2 2 
40 33 23 13 7 7 -3 -3 0 -3 
35 37 22 10 8 7 -1 -3 -3 -4 
31 30 19 9 5 1 -2 -4 -7 -6 
39 29 12 8 6 1 0 -7 -11 -7 
69 45 16 11 8 1 -5 -9 -4 -1 
79 53 19 11 4 -3 -8 -8 -1 1 
83 58 26 11 -3 -9 -7 -5 1 2 
86 55 24 15 -2 -9 -10 -3 2 1 
87 52 20 13 0 -4 -7 -2 1 -2 
85 56 25 11 3 -1 -4 -6 -3 -1 
85 59 29 18 11 0 -7 -9 -3 1 
90 62 31 22 8 -2 -10 -4 3 2 
93 64 35 19 1 -1 -7 -4 3 4 
95 59 33 20 5 -3 -9 -6 4 5 
96 58 30 18 6 -4 -8 -4 1 3 
102 65 29 10 2 -8 -5 -2 -1 1 
105 64 25 6 2 -6 -5 -2 1 2 
104 58 22 10 3 -2 -6 -4 3 2 
102 55 27 13 3 0 -9 -5 4 0 
96 57 35 14 4 2 -8 -4 1 -1 
95 55 32 16 6 0 -9 -6 2 4 
97 52 27 19 7 -5 -10 -2 1 2 
90 51 25 20 11 0 -6 -4 -3 -3 
81 50 28 15 13 8 -7 -11 -4 -1 
75 52 36 19 14 7 -7 -11 -1 2 
67 54 40 25 14 7 -5 -7 -3 -3 
56 51 39 24 13 10 0 -2 -1 -9 
50 39 31 19 14 10 -1 -3 -1 -4 
47 30 22 13 12 7 -2 -5 -5 -1 
