103 60 24 7 2 -4 -7 -4 3 0 
104 62 21 7 2 -6 -9 -3 3 0 
101 59 21 7 4 -2 -8 -6 3 2 
96 57 25 9 6 0 -7 -5 3 1 
89 53 27 17 11 5 -4 -5 2 1 
89 51 24 18 15 9 -4 -8 4 1 
88 52 22 19 12 5 -4 -4 2 0 
83 54 26 19 12 2 -2 1 2 -2 
80 50 27 21 20 5 -4 -4 1 0 
78 48 27 21 16 8 -1 -4 -2 2 
81 48 26 22 14 5 -4 -2 -1 1 
79 49 25 25 12 3 -10 -2 -2 2 
68 54 30 26 11 1 -4 -1 -4 -3 
71 53 27 22 14 3 -6 -4 -3 -4 
73 52 26 17 10 2 -5 -5 -5 -1 
62 51 28 18 9 4 -2 0 -4 -4 
45 42 29 25 16 9 2 4 1 -5 
40 34 27 24 16 8 3 3 0 -4 
31 29 23 16 11 7 1 4 2 -4 
22 22 15 4 2 0 -5 -1 -4 -7 
32 28 22 11 8 4 -1 -1 -3 -3 
29 27 21 14 11 3 1 -2 -2 -4 
24 23 14 13 2 0 3 -1 -4 -3 
30 27 17 18 9 6 4 1 -2 -1 
33 31 15 12 15 10 2 -1 3 0 
28 30 18 13 8 4 3 0 1 0 
29 25 18 13 8 7 4 -2 -5 -4 
43 24 7 8 5 3 2 5 0 -3 
46 32 15 12 10 6 7 9 5 1 
38 36 24 18 16 15 5 2 2 -1 
