40 27 16 10 7 6 1 1 -4 -4 
36 29 13 8 7 7 1 0 -3 -6 
34 32 19 13 10 7 1 0 -5 -5 
39 31 21 15 15 8 -1 0 -3 -4 
38 33 25 20 16 5 0 1 -1 1 
36 31 27 20 10 4 3 0 -5 3 
36 34 32 21 9 6 -1 2 -3 1 
40 30 23 17 12 7 -2 1 -4 0 
37 21 17 10 8 1 -6 -6 -9 -6 
38 26 26 16 11 3 -4 -5 -5 -6 
34 28 21 21 17 5 -2 -5 -7 -6 
33 32 20 14 10 2 -3 -8 -3 -2 
34 35 26 9 7 2 1 -8 -4 -1 
42 36 19 8 5 -3 1 -7 -1 3 
55 37 15 12 11 3 0 -7 2 6 
76 43 17 11 7 -1 -12 -14 -2 1 
83 41 9 7 5 -2 -15 -12 1 1 
91 40 6 -1 -1 -9 -16 -9 -2 3 
96 45 11 -1 0 -5 -14 -7 -4 1 
93 42 12 6 9 4 -13 -8 -3 -1 
95 39 10 9 4 -2 -16 -9 -3 2 
92 44 11 6 2 -7 -15 -10 -6 -1 
87 49 17 5 4 -6 -11 -12 -6 -5 
91 48 14 2 1 -6 -10 -15 -7 -4 
92 48 14 0 -1 -5 -12 -11 -8 -5 
91 52 19 5 1 -4 -12 -8 -7 -5 
85 56 25 8 4 -4 -7 -11 -7 -3 
70 57 30 12 7 -4 -5 -7 -3 0 
56 46 26 18 11 3 -2 -5 -2 0 
49 42 25 21 13 7 1 -3 -1 0 
