33 22 9 8 3 -4 -5 -5 -10 -8 
26 25 22 22 9 2 -3 -8 -10 -6 
25 27 22 18 10 6 -2 -10 -8 -6 
32 30 28 17 10 6 0 -3 0 0 
35 31 31 18 8 3 0 -2 0 0 
30 27 22 15 7 -1 -3 -7 -6 -6 
32 22 19 19 4 -1 -4 -4 -6 -10 
33 24 20 19 6 -2 -3 -4 -5 -7 
32 28 20 18 9 -1 0 -5 -4 -4 
35 31 21 19 9 2 3 1 -1 -3 
38 35 19 17 13 2 -1 3 -1 -4 
40 31 18 15 12 2 0 4 1 -3 
59 39 20 12 4 -8 -9 -6 -1 0 
78 43 9 4 0 -9 -11 -11 -7 -1 
84 37 2 -4 -8 -11 -11 -12 -2 4 
87 31 5 -5 -8 -7 -9 -4 1 10 
89 33 5 -3 -4 0 -7 -5 1 6 
84 28 -4 -2 4 1 -10 -8 9 7 
87 29 -5 -2 3 -7 -16 -11 7 6 
91 32 -1 -2 2 -8 -18 -11 4 8 
88 29 -1 -3 2 -7 -14 -7 3 6 
87 30 0 0 -1 -7 -10 -5 -1 3 
90 27 -1 3 1 -5 -12 -7 2 5 
91 23 -4 2 1 -7 -13 -7 3 4 
85 21 -7 -3 -3 -9 -15 -6 3 3 
84 25 -6 -4 3 -3 -17 -8 5 3 
85 27 -4 -3 6 -2 -15 -9 3 4 
83 26 -4 -6 -1 -8 -16 -6 3 4 
85 24 -8 -5 -2 -9 -20 -9 1 3 
86 23 -10 0 1 -6 -17 -10 4 2 
