56 40 19 15 14 11 7 2 1 6 
50 37 20 17 14 10 9 1 3 2 
42 29 19 10 7 3 5 -2 -1 -6 
36 28 15 7 4 5 -1 -2 -2 -5 
38 35 17 8 7 6 -6 -2 2 -4 
41 35 19 13 10 4 -2 1 1 0 
35 28 17 12 12 8 -2 1 1 -1 
34 25 18 11 7 8 -1 -4 1 -2 
51 34 21 7 5 4 -1 -5 -3 4 
69 41 24 9 6 1 -4 -1 1 5 
91 29 1 3 5 1 -10 -6 5 5 
99 23 -10 1 6 -2 -11 -10 4 6 
101 21 -11 2 9 -4 -10 -7 4 8 
96 17 -12 2 5 -2 -11 -7 7 8 
97 9 -12 0 -3 0 -12 -10 10 7 
97 5 -8 1 -4 2 -10 -10 9 8 
97 10 -10 7 0 2 -9 -8 9 6 
93 8 -14 2 1 -2 -15 -7 11 4 
86 5 -14 0 0 -3 -14 -8 7 6 
84 9 -13 4 2 1 -9 -7 5 5 
85 2 -12 1 0 -1 -10 -8 6 7 
82 2 -10 1 1 -4 -6 -10 4 8 
85 8 -12 6 0 -1 -2 -6 5 8 
89 3 -12 7 -1 0 -2 -3 8 9 
83 3 -6 9 1 4 -4 -2 8 7 
80 1 -5 5 4 5 -8 -4 3 6 
75 -1 -7 2 6 2 -6 -5 2 5 
75 5 -1 6 5 4 -4 -5 2 3 
75 1 1 9 0 6 -5 -10 2 4 
72 -1 -3 7 1 5 -3 -11 1 3 
