91 53 13 -4 -10 -15 -11 1 3 -1 
92 51 12 -1 -11 -15 -12 -3 4 -2 
91 54 13 -5 -11 -14 -12 1 7 1 
91 48 10 -8 -16 -12 -7 7 15 6 
95 51 9 -4 -14 -14 -6 5 14 5 
92 51 14 -3 -11 -18 -11 6 12 7 
94 45 12 -6 -11 -15 -4 10 11 4 
91 40 9 -6 -12 -11 1 4 10 0 
98 44 6 -5 -13 -14 -7 -3 11 1 
103 47 2 -5 -10 -16 -10 2 9 -2 
97 47 2 -6 -8 -11 -5 8 6 -6 
96 47 4 1 -9 -15 -7 8 8 -5 
91 45 7 4 -11 -23 -11 4 7 -1 
89 46 7 -1 -11 -20 -13 1 8 -1 
92 48 7 -7 -12 -14 -10 2 9 3 
84 47 8 -9 -15 -12 -3 3 6 3 
62 42 9 -1 -15 -11 -4 2 4 1 
70 50 10 -6 -17 -11 -8 2 2 -2 
68 49 10 -6 -12 -13 -6 1 1 -2 
44 37 15 5 -3 -9 -1 -2 -1 4 
32 30 19 16 8 1 3 1 2 8 
29 28 16 12 14 7 3 3 4 3 
26 34 18 12 11 7 6 1 3 -2 
21 27 21 22 14 11 10 1 5 -2 
17 20 17 16 13 13 6 3 4 1 
22 23 6 4 8 4 -3 -3 -3 -1 
30 24 10 9 4 2 0 -3 -3 2 
28 25 13 12 4 2 2 -3 -1 4 
29 28 13 15 10 6 4 2 1 3 
48 42 26 19 5 4 -2 -2 -1 -3 
