85 42 9 15 26 13 -2 -9 -1 2 
77 44 18 15 16 10 -3 -6 1 0 
77 46 21 12 11 6 -6 -6 -2 -1 
81 51 21 11 10 0 -7 -7 -2 1 
84 54 24 11 14 0 -12 -6 2 3 
86 53 25 12 13 -1 -12 -5 0 2 
88 51 20 12 10 -3 -7 -6 -3 1 
88 50 20 12 7 -2 -8 -8 -5 3 
88 55 25 11 6 -3 -8 -9 -5 5 
88 53 22 7 7 2 -5 -8 -4 1 
85 50 23 10 5 2 -4 -9 -5 0 
84 53 24 14 4 0 -6 -13 -6 2 
86 60 22 12 3 -1 -7 -8 -3 -1 
82 57 25 10 2 1 -9 -5 0 -6 
75 47 24 9 0 2 -8 -4 -4 -8 
57 37 22 8 5 2 -2 -1 -3 -3 
31 28 22 11 12 5 -1 -3 -3 -5 
33 26 17 10 7 4 1 2 -4 -4 
31 26 15 15 8 2 0 0 -4 -4 
23 30 20 17 12 4 -2 -4 -2 -2 
26 30 24 18 11 9 3 0 -2 -3 
29 30 23 18 10 8 3 0 -1 -4 
27 30 20 21 12 1 -3 -4 -2 -4 
28 29 17 19 10 0 0 -1 -3 -5 
23 27 17 12 1 0 3 -2 -1 -5 
23 26 17 9 6 0 -1 -2 -1 -5 
29 27 15 7 5 -4 -7 -2 -2 -3 
31 27 18 10 -1 -3 -3 -4 -3 -1 
26 26 23 13 6 1 0 -6 -1 -4 
28 25 18 12 11 4 -1 -5 -2 -4 
