115 52 6 -13 -15 -7 -1 5 7 1 
115 46 3 -12 -13 -7 -5 4 7 -1 
112 43 3 -12 -14 -12 -12 -1 6 -2 
109 48 5 -15 -17 -12 -8 -2 3 -4 
110 51 3 -13 -17 -9 -5 1 5 -3 
111 56 5 -11 -11 -8 -8 1 8 -2 
119 56 2 -13 -8 -10 -9 -2 9 -1 
116 53 1 -10 -9 -13 -11 -2 8 -1 
100 54 13 -5 -9 -11 -13 -2 6 0 
98 54 18 -1 -9 -11 -9 1 3 1 
107 60 10 -6 -8 -10 -3 4 7 -1 
108 60 8 -8 -12 -6 -1 4 7 1 
100 58 16 -6 -13 -7 -4 4 3 2 
88 61 28 2 -7 -7 -8 1 2 2 
71 53 32 17 8 -3 -7 -2 -5 -3 
50 38 31 20 16 5 2 3 0 -4 
37 29 20 14 11 7 4 2 1 -4 
32 22 14 13 14 8 0 0 2 0 
33 20 18 15 13 8 0 1 4 5 
34 26 20 13 11 6 5 2 6 2 
29 28 21 13 14 6 4 2 4 3 
31 28 22 16 19 15 2 -1 0 4 
33 29 21 14 13 13 3 0 2 3 
29 26 19 15 7 0 1 6 3 -1 
29 24 18 18 12 2 2 3 2 -3 
31 21 15 12 8 1 2 -1 1 -4 
28 27 14 13 6 -1 4 1 3 -1 
23 28 14 14 12 9 9 2 2 1 
28 28 10 10 7 11 9 1 0 -1 
22 21 5 10 6 0 1 1 -2 -5 
