30 27 23 18 11 11 3 0 4 0 
30 32 25 18 7 4 3 4 3 3 
28 29 18 14 0 -2 -4 0 4 0 
32 24 17 21 7 1 -1 -1 5 0 
32 25 16 13 13 0 2 1 1 -1 
30 27 16 6 9 3 3 -3 -3 -3 
32 26 19 11 5 6 1 -3 -3 -3 
31 19 18 12 7 3 0 -1 -4 2 
27 15 17 14 6 1 -1 -5 -4 1 
28 23 17 12 3 0 -2 -6 -3 -5 
30 29 14 12 9 1 0 -3 -3 -4 
29 26 14 13 11 6 1 -3 -6 -3 
31 28 17 12 9 6 -1 -3 -4 -2 
31 26 17 12 4 3 -1 -1 -1 -1 
38 28 17 16 9 8 6 1 2 0 
42 31 16 17 9 8 6 2 1 0 
35 26 18 16 11 1 3 3 -4 -1 
26 22 17 12 14 2 4 1 -4 -1 
25 23 12 5 7 1 -1 -2 -4 -3 
28 26 12 7 4 0 -1 -2 -4 -3 
30 28 18 9 5 4 0 -2 -1 -1 
30 27 21 18 8 8 3 3 3 -3 
30 25 15 19 8 5 5 0 1 1 
28 18 12 14 5 3 1 -4 -2 -1 
30 22 14 13 9 3 1 3 1 1 
40 34 20 13 8 -2 -1 4 -1 0 
38 35 25 10 4 0 -1 1 -1 -1 
30 24 17 10 6 5 -4 0 -1 0 
36 24 11 11 13 7 -2 1 -3 -4 
37 26 14 15 15 10 5 1 -1 -4 
