109 65 13 -11 -18 -14 0 6 4 1 
112 66 13 -13 -20 -13 -2 7 4 0 
111 67 16 -13 -19 -13 -4 8 7 -1 
113 67 18 -11 -20 -12 -3 8 7 -2 
113 65 16 -10 -20 -9 -1 5 5 1 
115 69 17 -11 -17 -9 -1 5 6 1 
114 68 14 -14 -14 -9 -3 6 8 -2 
111 60 15 -11 -16 -9 -1 5 7 0 
114 59 14 -12 -17 -10 0 6 6 0 
113 62 10 -13 -16 -10 -2 6 6 -2 
111 67 19 -11 -17 -10 -3 4 9 1 
112 66 26 -9 -20 -13 -2 5 12 2 
107 63 22 -4 -18 -14 -4 5 9 2 
98 59 18 -1 -11 -11 -7 3 7 1 
86 59 20 2 -7 -9 -8 -1 7 -1 
72 55 27 6 -5 -8 -6 0 5 1 
56 47 26 10 4 1 1 2 6 2 
33 40 28 16 8 5 0 1 1 0 
34 31 24 20 11 8 0 -1 -1 -2 
38 32 24 18 10 4 1 -2 -3 -1 
39 35 25 20 11 4 3 7 0 6 
33 29 23 21 11 9 5 7 3 5 
30 30 26 19 14 10 5 2 -3 -1 
27 29 25 17 15 8 3 2 -3 0 
26 24 17 9 11 4 -3 1 -3 -2 
28 28 12 8 13 3 -2 -1 -2 -5 
29 29 14 10 9 6 4 -2 -1 -8 
28 26 16 10 2 7 0 -2 2 -6 
30 29 20 13 6 10 0 1 1 1 
30 29 17 11 9 10 6 2 -5 1 
