35 23 16 16 9 5 -2 -4 -3 -4 
32 24 17 15 7 0 -4 1 -2 -3 
29 28 18 13 9 -2 -8 -1 -3 -3 
28 33 18 13 12 1 -4 -1 0 -3 
24 26 18 18 7 2 1 -3 -4 -6 
24 28 17 14 9 2 -1 -5 -5 -5 
27 27 9 6 7 5 -1 -3 -3 -4 
34 25 12 11 4 8 1 -1 0 -2 
33 29 18 14 9 3 -2 -2 0 1 
23 21 15 13 3 -1 1 -4 -4 -1 
26 25 21 13 2 4 1 -3 -3 -2 
26 32 26 11 9 9 -2 -1 -4 -4 
27 36 24 11 6 4 -5 0 -1 1 
46 44 16 4 0 -9 -11 -2 -3 -3 
73 54 17 -6 -13 -19 -12 0 -2 -7 
84 58 18 -6 -17 -14 -10 1 0 -5 
84 58 17 -6 -17 -15 -4 1 -1 -2 
81 52 17 -6 -14 -15 -2 0 -2 -5 
85 51 19 -6 -11 -11 -4 -2 -2 -1 
87 56 23 -2 -10 -11 -7 -5 -1 2 
92 56 20 -4 -15 -13 -10 -4 1 4 
101 57 17 -7 -18 -10 -8 2 7 4 
105 56 14 -5 -19 -12 -5 4 7 1 
112 57 12 -10 -23 -15 -4 5 5 -1 
114 54 7 -16 -23 -13 -4 5 6 -2 
110 48 2 -16 -23 -12 -6 1 4 -4 
87 30 4 -9 -13 -9 -4 3 2 -1 
87 30 4 -10 -14 -9 -4 2 2 0 
109 56 -1 -21 -17 -14 -6 0 3 -3 
113 59 -3 -19 -15 -14 -3 2 3 -5 
