109 56 -1 -21 -17 -14 -6 0 3 -3 
113 59 -3 -19 -15 -14 -3 2 3 -5 
117 57 -4 -17 -22 -14 -1 1 3 -7 
117 58 5 -16 -16 -14 -5 7 7 -3 
117 54 1 -14 -10 -11 -7 5 5 -2 
116 52 -7 -21 -19 -15 -6 0 3 -3 
118 56 -2 -23 -22 -13 -5 1 2 -5 
118 54 4 -16 -16 -11 -5 5 5 -1 
114 50 5 -14 -17 -9 -4 3 8 -2 
111 47 -3 -15 -18 -11 -7 -2 7 -7 
111 51 0 -11 -15 -13 -5 3 6 -4 
108 53 7 -9 -18 -13 -4 2 7 1 
106 53 7 -11 -17 -12 -6 1 8 0 
95 52 9 -10 -15 -15 -7 5 6 2 
87 58 17 -3 -11 -12 0 8 6 5 
82 64 24 2 -7 -7 4 4 2 4 
62 49 28 20 12 -2 -5 -5 -3 3 
45 36 19 17 13 2 -3 -2 0 0 
49 40 15 17 11 2 -7 -7 0 -2 
47 36 17 16 12 4 -4 -7 -3 -4 
34 26 16 11 10 7 4 1 1 -1 
34 31 19 16 8 5 0 0 2 5 
31 31 17 13 5 8 1 0 0 0 
31 31 16 11 10 14 7 4 3 3 
33 29 21 13 14 15 4 4 4 4 
30 31 22 17 15 14 -2 0 2 -3 
27 29 14 12 9 7 -1 -2 -2 -5 
30 30 17 13 13 10 5 2 3 0 
38 38 24 17 11 5 2 3 3 -2 
42 35 20 18 10 6 4 3 5 -4 
