112 61 14 -6 -16 -11 -8 6 7 2 
114 64 16 -3 -12 -13 -5 5 5 5 
112 71 18 -6 -14 -14 -4 6 5 2 
113 67 19 -7 -18 -16 -5 10 4 0 
122 55 5 -9 -16 -13 -6 7 4 1 
123 54 5 -11 -16 -12 -5 6 7 0 
119 61 13 -8 -16 -13 -6 5 9 1 
73 31 11 -3 -5 -7 -5 -1 0 0 
75 32 11 -4 -7 -8 -5 0 1 0 
115 60 16 -13 -19 -10 -5 4 5 -1 
114 57 17 -8 -16 -10 -8 5 8 2 
115 60 19 1 -12 -12 -8 6 7 4 
108 58 20 4 -5 -8 -8 4 4 5 
108 60 18 -3 -7 -6 -4 8 7 5 
103 64 22 -4 -14 -7 -1 12 8 2 
92 62 24 2 -10 -6 0 10 7 2 
69 59 32 15 0 0 -2 -2 3 3 
47 46 28 21 8 6 4 -2 0 1 
34 31 19 17 9 6 4 0 4 4 
38 32 17 12 5 3 1 2 5 3 
32 28 12 14 8 8 -2 3 3 1 
17 21 11 17 12 13 1 2 5 4 
16 16 10 11 4 3 3 -1 0 1 
28 17 11 16 5 5 3 1 1 -1 
29 23 15 17 10 8 7 8 2 1 
30 31 20 14 5 7 11 7 -2 2 
35 31 22 11 5 11 9 5 0 3 
31 26 17 10 8 9 7 6 3 4 
28 23 8 8 6 0 3 -1 -1 -1 
36 32 13 16 10 4 6 1 1 3 
