98 59 18 -2 -5 -5 -2 8 7 1 
102 59 23 1 -5 1 0 7 10 4 
96 60 28 9 -2 1 5 7 8 3 
93 60 31 13 2 0 4 7 5 2 
94 58 32 16 5 0 3 5 5 4 
87 57 32 22 9 3 2 1 3 -2 
76 60 36 24 7 1 1 -4 -1 0 
72 57 39 20 10 2 3 0 -1 -2 
72 42 27 12 17 6 6 3 -1 -5 
72 42 26 13 15 6 5 4 -1 -5 
74 56 29 21 14 3 1 2 0 -3 
74 57 33 21 12 -1 1 0 0 -2 
76 55 35 21 11 0 -2 -2 -1 -1 
78 56 34 20 8 2 -3 -3 0 0 
77 60 36 20 4 1 -3 -4 2 1 
78 61 34 16 3 2 0 -1 2 3 
78 55 34 17 6 0 -2 3 3 2 
76 49 34 21 11 -1 -1 0 3 1 
72 48 30 23 9 0 4 -2 3 -1 
69 53 30 21 7 1 2 -1 0 -4 
67 53 32 23 7 6 4 -3 -6 -4 
59 50 33 20 15 10 4 -3 -8 -5 
53 43 29 13 20 7 0 0 1 -3 
43 25 14 6 9 5 3 4 7 0 
45 25 11 8 4 2 1 3 6 1 
48 32 12 9 7 0 3 5 1 2 
45 32 15 7 6 2 5 3 0 -1 
40 28 19 13 3 1 5 -1 -1 0 
38 31 19 16 7 3 8 1 1 5 
33 31 19 13 14 7 11 5 3 5 
