39 36 20 16 3 2 0 -3 -6 -6 
40 33 12 8 2 0 1 -4 -7 -3 
43 37 12 9 4 2 5 -3 -4 -4 
44 36 17 14 5 3 -1 -6 -2 0 
42 33 17 18 9 -4 -8 -4 -3 1 
42 34 21 19 13 2 1 -1 -2 -4 
51 39 18 3 -4 2 8 6 4 -2 
44 30 11 0 -12 -6 -2 -2 1 -6 
41 30 19 13 1 -4 -2 -8 -1 -1 
43 33 15 11 6 1 3 -4 -2 -5 
69 44 13 4 -8 -12 -5 -2 6 -2 
77 43 12 3 -10 -17 -8 2 10 0 
80 46 12 0 -7 -11 -1 7 11 3 
76 47 13 -3 -10 -8 3 11 11 5 
76 45 11 -9 -12 -12 -2 10 7 2 
85 51 16 -7 -9 -14 -2 10 7 1 
90 52 17 -5 -11 -9 -4 6 8 1 
92 51 18 -2 -7 -6 -4 3 6 -1 
102 52 15 -3 -9 -9 -3 6 6 -2 
109 57 16 -4 -10 -7 -1 8 5 0 
109 62 21 0 -5 -6 2 10 6 4 
98 60 25 9 3 -1 2 9 10 4 
92 63 31 14 7 1 -2 5 6 1 
89 68 36 14 4 -1 -2 5 4 0 
88 64 35 17 8 0 -3 1 4 1 
87 57 37 21 11 -1 -4 2 8 0 
86 58 38 22 3 -6 -3 5 10 4 
87 69 35 14 -1 -5 2 4 4 4 
91 63 33 12 1 -3 3 4 6 3 
95 59 32 11 2 -1 4 7 8 4 
