40 33 28 15 9 -3 -3 -1 1 0 
41 29 24 11 7 2 1 -5 -4 -4 
44 30 20 15 9 10 3 -5 -6 -8 
42 33 19 14 9 6 0 -8 -5 -7 
41 33 20 17 7 6 2 -5 -3 -6 
43 30 21 25 10 5 1 -4 -4 -4 
39 32 17 21 11 -2 -1 -10 -8 -3 
35 32 14 18 9 -2 0 -8 -9 -3 
38 28 19 14 3 2 0 -5 -3 -1 
42 32 22 11 5 4 -3 -5 0 -3 
42 38 26 17 12 9 -4 -2 0 -4 
43 37 25 20 13 11 -1 -2 0 -7 
43 33 18 13 12 5 -2 -4 -5 -5 
45 28 13 5 4 0 -3 -3 -4 3 
69 39 11 -5 -14 -11 -5 4 8 10 
79 52 18 -7 -15 -13 -5 1 8 3 
82 54 15 -9 -16 -11 -4 2 4 -1 
87 50 17 -7 -17 -8 -1 8 7 1 
89 52 20 -2 -13 -8 3 5 11 5 
97 49 11 1 -8 -11 -3 6 15 3 
104 44 5 -1 -10 -11 -7 11 13 2 
103 48 6 -3 -12 -9 -4 6 8 1 
107 54 13 -6 -9 -9 -4 4 6 -1 
107 54 15 -3 -11 -14 -6 8 9 -2 
106 55 12 -1 -11 -14 -6 7 8 0 
104 62 18 -2 -8 -11 -3 3 4 2 
100 60 23 5 -5 -10 -3 4 4 2 
98 59 24 10 0 -8 -5 0 4 1 
99 62 27 11 0 -8 -4 -2 4 2 
102 61 29 13 -3 -11 -3 5 5 1 
