46 36 26 18 15 7 6 3 -1 -1 
48 37 30 18 10 6 3 5 2 0 
50 35 28 21 9 8 1 5 5 2 
43 38 25 23 12 7 1 3 3 2 
34 34 23 20 4 -1 -1 1 -1 -2 
54 45 23 16 5 2 3 4 1 -2 
57 46 21 13 6 4 4 4 -1 -2 
39 29 16 12 12 4 -1 -4 -4 -6 
34 32 15 9 12 7 -2 -5 -1 -4 
33 33 17 13 9 2 -4 -2 -2 -7 
36 30 20 14 7 -2 -7 -2 -3 -5 
34 27 18 7 2 -2 -3 -6 -7 -7 
40 31 18 11 10 1 -1 -4 -2 -2 
57 42 19 18 16 10 1 0 6 3 
57 41 20 18 12 10 5 1 5 3 
50 38 25 17 11 7 5 0 3 -1 
55 43 21 12 11 6 3 4 6 -2 
52 44 21 11 12 6 4 7 5 0 
43 36 25 17 13 8 6 1 0 2 
59 42 24 18 14 8 6 1 -1 -2 
60 45 24 18 15 6 5 2 -3 -1 
45 37 22 14 11 3 2 -3 -2 0 
45 35 23 16 11 6 2 0 1 -4 
43 30 21 9 4 3 -2 3 -1 -5 
38 27 16 1 1 0 -3 -4 -4 -7 
45 31 20 5 2 3 3 -5 -4 -5 
51 34 23 9 3 5 3 -2 -3 -2 
45 33 21 17 11 5 4 1 -6 2 
40 30 25 21 14 7 2 -3 -7 -1 
41 35 24 11 8 2 1 -5 0 -2 
