61 12 20 1 1 -1 -5 -2 2 -1 
59 16 21 -3 0 -3 -9 -6 -3 -6 
56 17 26 5 3 -3 -11 -5 -1 -5 
60 18 28 7 1 -4 -9 0 0 -2 
65 16 28 9 1 -11 -7 -1 -2 -1 
65 16 30 10 2 -11 -5 0 -2 0 
66 21 38 11 0 -10 -11 0 -3 2 
68 22 32 10 1 -5 -11 -2 -3 2 
62 15 35 8 -2 2 -1 0 -2 0 
58 17 38 7 -2 -4 -3 -2 -4 0 
61 22 35 6 1 -3 -6 -3 -6 1 
63 25 40 11 2 -2 -5 -4 -12 -6 
96 54 39 21 9 -2 -8 -12 -13 -9 
106 59 38 29 8 -8 -11 -5 -13 -10 
107 55 42 30 1 -8 -8 -5 -15 -6 
101 53 33 26 -1 -1 -2 -9 -19 -5 
103 53 26 19 -1 2 -1 -10 -20 -6 
108 57 19 14 -3 6 1 -10 -19 -4 
110 63 11 13 -6 14 2 -12 -21 1 
111 64 12 15 -5 12 1 -12 -19 0 
109 61 20 17 -5 4 2 -9 -16 1 
106 65 16 19 -5 10 1 -9 -13 4 
104 63 12 16 -3 12 0 -5 -12 3 
105 58 17 8 -3 10 -2 -2 -8 2 
106 54 15 12 1 2 -4 -4 -12 4 
105 56 12 14 2 -1 -3 -5 -13 5 
101 57 17 10 3 2 -6 -4 -11 9 
101 52 12 13 4 4 -5 -2 -14 4 
99 51 7 15 0 6 0 2 -13 0 
96 49 12 11 -1 2 3 -3 -14 3 
