83 58 29 7 -1 -5 -9 -1 0 -3 
84 58 31 12 3 -3 -8 0 0 -5 
89 60 27 10 0 -9 -7 3 2 -1 
93 58 25 7 -4 -13 -10 3 5 1 
91 58 24 6 -4 -10 -9 0 4 -1 
72 36 18 6 1 -2 -3 -1 -2 -3 
71 36 20 9 5 2 0 1 -1 -2 
89 60 26 11 0 -2 2 4 4 0 
87 58 25 5 -4 0 -1 4 6 1 
88 57 24 5 -5 -6 -7 6 10 0 
88 56 24 6 -6 -10 -2 6 7 0 
90 56 20 2 -4 -9 2 1 5 0 
89 56 15 0 -2 -9 -1 2 8 -1 
84 54 14 -1 -7 -10 -1 4 10 -1 
81 53 17 3 -9 -6 -1 2 7 0 
70 50 25 9 0 -2 -6 0 3 0 
47 41 28 20 16 3 -2 -1 -1 -5 
42 38 25 18 18 7 6 3 1 -4 
33 30 20 10 14 7 3 4 -2 -1 
27 24 17 11 7 -1 3 6 1 3 
32 25 14 12 5 3 6 3 2 2 
28 24 13 14 10 4 2 -1 5 0 
22 26 16 16 8 1 -4 -1 9 4 
23 27 12 7 1 1 -5 -3 0 0 
23 24 12 6 4 2 1 -1 -3 0 
27 18 13 10 5 4 1 -1 -3 2 
38 26 21 14 5 7 -2 0 -4 -1 
39 33 22 10 3 5 1 4 0 -2 
37 29 14 15 5 2 4 4 1 6 
35 26 14 16 7 1 4 2 0 6 
