39 32 18 13 8 0 1 -1 -1 -5 
36 28 20 17 9 4 2 0 0 -6 
34 22 22 14 11 3 2 -1 -4 -4 
37 28 17 11 6 -4 -1 -3 -4 -3 
36 30 18 10 3 -3 -1 -3 -3 -6 
36 28 18 12 8 2 -2 -6 -5 -4 
38 31 19 14 10 1 -5 -7 -4 -5 
37 29 18 15 11 1 -6 -2 -3 -9 
32 26 19 18 14 10 1 -2 -5 -6 
37 31 18 10 5 9 1 -3 -2 -2 
46 33 20 13 6 8 -4 -1 2 -5 
42 29 20 22 10 9 2 -1 0 -5 
39 28 17 21 10 5 5 -2 -3 -4 
40 32 17 19 13 6 2 -3 -5 -2 
38 35 20 14 16 10 0 -2 -1 0 
33 30 23 15 13 8 0 1 2 0 
34 30 23 17 8 10 3 0 -1 -2 
38 33 21 17 7 6 2 -2 -2 -2 
40 28 23 20 13 5 -2 -3 0 -3 
37 26 20 18 17 8 -5 -3 1 -4 
34 24 11 11 5 6 -8 -7 -5 -5 
40 30 19 18 8 5 -1 -2 -4 0 
40 33 19 15 9 0 -1 3 -2 -1 
37 29 15 11 3 2 -2 -1 -2 -3 
33 28 17 14 5 4 -1 2 -4 -5 
32 29 16 12 7 5 -2 2 -5 -6 
38 35 18 11 8 8 5 1 -4 -5 
37 30 15 14 10 1 4 1 -5 -6 
32 24 13 10 8 -5 -2 -1 -6 -6 
34 28 18 12 9 2 -3 -4 -8 -2 
