28 27 12 6 3 3 -4 -7 -6 -6 
33 26 16 10 3 0 -1 -4 -5 -7 
33 32 25 18 6 -2 -1 -1 -2 -7 
36 31 23 18 14 3 2 -2 -4 -5 
36 29 20 14 15 8 4 -3 -8 -4 
33 27 20 12 12 11 -1 -4 -7 -8 
29 25 22 11 9 3 -5 -3 -5 -9 
35 29 20 13 10 -2 -3 2 -4 -4 
35 29 20 16 8 -5 -2 1 2 -1 
38 30 21 14 12 2 3 1 1 -3 
39 28 19 15 14 7 4 -2 -4 -3 
35 23 20 22 13 7 -3 -7 -7 -7 
37 25 20 17 9 5 0 -1 -5 -8 
40 30 20 15 10 4 2 2 -2 -5 
41 33 21 16 11 4 2 0 -2 -3 
35 35 22 13 11 3 0 0 -4 -4 
36 33 23 15 8 1 -5 -1 -3 -2 
37 36 27 16 8 4 -2 -2 -3 -1 
30 31 25 17 12 10 -2 -6 -6 -4 
31 26 13 10 6 3 -2 -5 -7 -4 
37 35 16 10 9 -1 -3 -1 -3 -5 
37 35 20 11 10 2 -5 -2 -3 -4 
36 30 21 12 8 7 -4 -3 -4 -6 
38 27 20 10 5 4 -5 -6 -5 -6 
41 28 18 9 6 3 -3 -4 -5 -2 
37 31 16 9 14 8 -1 -1 -4 -5 
31 34 15 16 20 11 3 -1 -5 -10 
34 31 19 19 8 1 4 -4 -5 -6 
29 27 20 12 1 -4 -3 -6 -9 -7 
29 26 20 8 1 -2 -3 -7 -9 -6 
