110 39 25 17 -1 -10 -4 -2 -8 5 
102 40 22 22 1 -11 -8 -1 -12 4 
96 48 23 23 2 -10 -7 4 -12 5 
83 52 17 21 6 -2 -8 5 -16 3 
87 52 14 18 6 -1 -8 3 -15 4 
101 50 19 19 2 -2 -3 -1 -12 1 
99 48 25 16 7 2 -2 1 -14 -1 
92 46 21 17 8 0 1 -1 -15 -2 
91 46 13 14 -1 -2 -2 -1 -11 -1 
96 48 11 6 -6 0 -9 4 -10 0 
97 45 13 7 -6 -1 -9 -1 -12 4 
94 43 5 5 -3 -3 -8 -1 -10 6 
97 48 2 3 -2 -3 -11 -2 -11 4 
103 54 9 7 -2 -4 -11 -7 -14 3 
99 58 13 8 2 -5 -11 -5 -14 0 
99 54 9 11 4 -3 -12 -4 -14 0 
96 47 7 13 2 -9 -13 0 -17 0 
90 46 12 10 -5 -15 -13 3 -15 3 
98 50 11 6 -7 -8 -10 0 -13 1 
100 53 12 12 -6 3 -8 -8 -16 -2 
100 49 17 22 -9 4 -6 -5 -16 0 
110 43 13 31 -9 -3 -5 0 -14 -2 
106 43 17 26 -5 -5 -6 1 -14 -1 
96 39 19 23 -1 -9 -9 0 -12 0 
94 28 17 19 4 -11 -5 1 -11 -1 
99 32 28 14 4 -5 -4 -3 -20 1 
104 42 35 14 2 -7 -3 -6 -23 0 
95 48 45 20 5 -6 -9 -14 -19 1 
81 35 46 19 11 -1 -2 -3 -6 -1 
71 18 32 16 3 -7 -2 -1 -4 2 
