34 34 20 8 4 -1 -2 -2 -4 -4 
30 33 20 9 4 1 0 -3 -6 -4 
27 30 18 13 8 0 -4 -6 -7 -4 
27 28 14 10 6 0 -3 -3 -6 -4 
34 30 15 9 13 6 0 0 -6 -7 
36 31 18 11 12 7 3 -7 -6 -5 
34 34 18 12 3 2 0 -11 -3 -5 
33 33 25 13 4 2 -2 0 2 -8 
33 25 26 11 8 4 -1 -1 1 -3 
47 40 32 22 9 0 -4 -9 -5 -2 
49 46 28 24 11 -1 -3 -8 -7 -4 
53 42 23 9 3 -1 -8 -11 -7 -3 
58 38 21 10 1 -7 -13 -10 -7 -5 
61 41 20 13 2 -9 -10 -8 -4 -6 
63 46 25 10 -2 -6 -5 -7 -3 -7 
64 43 15 5 -2 1 -3 -7 -3 -5 
60 40 9 2 -3 0 -2 -6 -4 -2 
47 38 22 12 -3 -3 1 -1 -2 2 
44 35 23 16 2 -2 0 -3 -4 -3 
46 34 24 16 5 -4 -5 -7 -5 -2 
44 33 23 18 9 0 -2 -2 -3 -2 
40 34 21 16 8 1 1 2 -2 -4 
40 34 20 17 10 4 2 -6 -5 -4 
38 32 23 12 4 3 0 -9 -5 -2 
31 26 19 7 0 1 -4 -6 -7 -5 
56 31 8 14 16 15 5 0 -6 0 
58 31 5 17 16 14 6 -2 -3 0 
35 30 20 13 10 1 -5 -5 -3 -6 
38 32 20 2 6 2 -3 -5 -4 -5 
41 33 16 7 8 6 -1 -4 -1 -3 
