38 32 12 17 20 7 1 -1 3 -2 
42 29 10 12 13 -1 -1 -4 -5 -1 
38 26 15 7 5 0 -5 -8 -4 -1 
35 25 17 16 5 6 -1 -4 -3 2 
36 33 15 16 7 4 2 -4 -8 -3 
37 34 14 8 8 2 0 -6 -2 -3 
31 30 22 13 13 1 0 -4 0 -2 
35 32 26 12 12 0 -1 -1 0 -1 
38 30 23 13 8 5 -1 3 -2 0 
33 31 17 17 11 4 -3 -1 -5 -5 
38 35 19 19 12 6 2 -2 -5 -5 
36 31 24 18 7 6 5 1 -3 -5 
34 28 20 15 9 0 0 -4 0 1 
34 26 16 17 10 -1 -5 -6 -2 -2 
34 25 14 19 12 8 1 -5 -5 -5 
35 34 17 17 18 14 9 -4 -5 -4 
39 36 18 19 16 7 8 0 -3 -5 
41 32 21 19 10 4 3 -2 -2 -4 
38 33 23 14 9 5 3 -4 -2 -2 
39 35 20 12 11 6 4 0 -1 1 
37 35 20 12 13 4 0 6 -3 0 
36 20 12 12 16 6 -4 -1 -5 -3 
32 11 6 11 10 7 -4 -10 -7 -8 
34 23 19 18 6 7 1 -4 -4 -6 
34 24 21 17 10 4 -2 -1 -1 -4 
34 24 15 15 11 3 -5 -4 -4 -5 
40 29 12 11 9 5 -4 -5 -6 -4 
37 29 16 13 11 7 -2 -1 -2 -3 
33 26 19 13 8 2 -1 1 -1 -3 
32 21 16 13 6 0 -3 -5 -3 -3 
