33 27 12 12 17 7 1 -4 -4 -5 
32 18 12 12 8 5 2 -4 -4 -3 
33 24 20 12 0 1 -1 -4 -4 -6 
38 34 16 13 11 3 -1 -4 -6 -8 
48 39 15 9 5 -2 -4 -7 -9 -5 
56 45 22 6 -3 -7 -8 -3 -5 -4 
61 47 24 4 -4 -6 -9 1 0 -2 
62 43 19 8 -1 -6 -9 0 -2 1 
63 43 22 8 -2 -7 -10 -5 -1 1 
66 47 18 0 -2 -3 -6 -5 1 0 
72 51 15 3 -1 -4 -4 -3 -3 1 
74 43 23 9 -4 -4 -6 -4 -2 1 
82 46 20 -1 -14 -10 -8 -3 0 -5 
85 47 15 -4 -10 -10 -11 -8 -4 -7 
83 46 16 3 -1 -9 -15 -12 -4 -4 
80 49 14 3 -3 -12 -12 -5 -4 -2 
77 43 9 0 -3 -8 -10 -5 -5 0 
81 39 6 -2 -6 -11 -9 -1 0 2 
79 42 10 1 -10 -11 -5 -1 3 1 
74 49 16 6 -1 -2 -4 -4 0 0 
70 51 20 9 4 -4 -7 -3 2 -1 
68 46 20 8 1 -5 -8 -4 1 -2 
74 44 16 3 -6 -3 -11 -9 -5 2 
74 44 13 5 -3 -6 -11 -8 -5 3 
75 48 16 4 -3 -10 -10 -2 -1 -2 
81 56 22 2 -9 -14 -8 0 -1 -3 
80 55 21 1 -7 -11 -6 -4 -4 0 
77 49 21 3 -5 -8 -3 -4 -2 2 
79 49 22 3 -6 -7 -7 -3 3 2 
79 50 21 3 -5 -3 -11 -7 1 2 
