21 23 10 3 6 9 -1 5 2 0 
24 30 11 12 6 7 -3 -3 -2 -2 
20 24 13 17 6 9 -1 -2 -2 -1 
19 21 16 17 6 7 1 3 2 4 
28 22 12 16 10 2 0 -1 3 2 
25 16 11 14 9 2 2 -4 3 1 
19 19 17 14 7 6 7 3 7 3 
19 20 19 15 8 9 5 -1 0 1 
20 21 15 9 2 1 1 -5 -1 1 
19 26 10 2 4 -1 5 4 2 1 
19 27 16 8 12 6 10 10 6 2 
32 29 26 16 13 10 3 7 7 2 
31 32 23 14 15 9 3 5 7 4 
20 33 14 12 15 6 2 3 9 8 
18 25 13 15 11 8 4 3 7 6 
21 22 19 13 8 13 9 6 9 9 
26 23 23 12 7 11 8 5 7 9 
22 28 18 15 10 7 3 1 3 5 
26 30 16 15 9 7 3 3 6 5 
23 24 17 13 9 4 0 4 4 1 
25 27 19 14 15 10 6 8 7 4 
30 31 19 17 14 9 11 7 5 8 
28 28 17 16 14 11 7 2 2 3 
26 30 15 14 14 12 3 -3 -1 1 
26 31 12 18 11 4 3 1 2 4 
20 23 13 11 13 9 8 6 7 5 
20 23 16 10 13 7 8 2 7 5 
15 24 14 6 12 2 -3 -2 3 2 
16 25 16 10 12 4 -3 3 4 1 
18 25 16 15 10 3 3 4 3 3 
