51 3 22 3 2 -6 -2 0 1 -1 
48 2 23 10 2 -5 -4 -6 -3 -4 
51 6 23 7 -2 -7 -9 -3 -2 -2 
54 7 22 -1 0 -4 -14 -2 0 0 
60 7 24 0 4 -7 -11 0 -3 2 
59 11 29 5 4 -7 -4 3 -3 4 
53 8 30 10 3 -5 -3 5 4 4 
54 9 26 10 6 -7 -7 2 3 -1 
51 7 23 7 6 -3 -5 1 -3 -2 
55 10 25 7 3 1 -2 0 -3 0 
57 13 27 3 0 2 -2 -1 -4 0 
62 15 26 3 -3 -6 -9 -7 -11 -6 
102 46 42 22 3 -3 -9 -7 -14 -11 
120 59 39 25 6 -7 -11 -11 -13 -11 
109 54 32 21 11 -1 -9 -12 -12 -10 
107 50 29 20 6 -2 -4 -8 -16 -10 
107 49 25 16 2 -3 0 -5 -18 -9 
103 50 22 14 1 2 -1 -7 -17 -6 
107 53 17 13 0 9 -2 -7 -19 -3 
114 49 14 22 -1 2 -4 -2 -17 -5 
111 46 21 25 0 -6 -4 0 -11 -7 
113 47 23 23 3 -6 -2 2 -9 -6 
113 48 17 22 7 -1 5 2 -17 0 
114 49 13 17 3 3 5 0 -15 0 
108 46 14 16 0 4 -1 0 -11 2 
104 42 15 17 1 4 -5 1 -12 5 
100 53 15 17 2 2 -9 -2 -13 1 
97 58 21 20 -3 -4 -10 -6 -13 0 
99 51 23 13 -9 -5 -4 -6 -13 2 
96 50 17 7 -1 -3 -5 -7 -12 4 
