46 32 24 17 11 6 2 1 2 3 
36 30 13 10 7 0 0 -1 -1 0 
31 26 14 11 6 6 6 2 5 8 
28 25 18 12 8 6 7 1 5 7 
24 30 19 10 9 1 6 -1 3 3 
25 35 18 12 13 7 8 4 5 6 
38 39 24 15 11 1 -4 -4 -3 -1 
63 46 19 2 -8 -20 -28 -28 -24 -14 
71 49 15 -1 -10 -21 -27 -28 -27 -17 
59 21 4 -5 -12 -14 -18 -15 -11 -10 
60 22 6 -4 -10 -12 -16 -13 -9 -9 
68 51 22 12 -3 -15 -17 -21 -21 -15 
60 53 23 8 2 -13 -19 -20 -21 -17 
61 56 27 9 2 -15 -22 -19 -19 -15 
62 52 23 8 -6 -15 -22 -21 -20 -15 
57 48 22 6 -9 -18 -21 -26 -24 -15 
52 50 30 12 -5 -18 -22 -26 -21 -14 
52 50 31 16 -2 -17 -25 -19 -13 -13 
52 46 27 15 -2 -16 -24 -17 -15 -13 
42 40 24 10 -9 -15 -22 -22 -19 -15 
39 41 27 14 -3 -10 -12 -19 -11 -7 
40 34 16 14 4 -3 -7 -14 -7 -5 
35 30 10 13 11 5 -3 -3 -2 -3 
30 33 13 8 8 7 -1 3 4 1 
28 31 15 7 9 8 0 2 0 1 
24 23 13 9 6 1 -1 0 -1 2 
23 24 13 14 3 -1 -2 1 4 4 
20 27 15 11 3 -2 0 1 3 3 
23 36 23 12 7 6 4 5 5 4 
21 31 24 12 4 7 4 10 7 9 
