18 24 14 16 4 -5 -5 -6 -6 2 
32 31 19 11 10 4 0 0 0 4 
49 34 11 3 -1 -3 -1 0 3 4 
50 27 5 2 -5 -7 -3 -5 1 4 
31 18 17 14 5 3 1 -4 0 4 
28 30 26 19 8 8 6 5 7 3 
24 34 18 18 12 10 0 3 8 8 
19 23 11 16 7 4 0 -1 3 4 
20 22 16 18 8 0 0 -2 4 3 
38 35 20 15 8 1 1 -1 2 -2 
43 34 12 14 10 7 5 1 1 -1 
29 22 7 15 11 9 8 5 2 4 
29 18 11 14 5 0 4 3 0 2 
29 19 12 10 4 -1 3 1 3 -1 
26 19 18 18 8 4 -2 2 6 5 
28 24 18 18 9 11 7 12 12 8 
31 31 16 17 6 12 9 8 8 6 
26 26 9 13 -1 4 5 -2 1 2 
28 27 10 8 0 1 7 -2 3 5 
31 31 15 13 4 3 4 2 4 4 
25 25 16 11 8 8 3 2 5 5 
16 18 6 9 11 8 1 -1 5 5 
16 18 13 19 12 9 6 2 5 6 
24 18 16 16 4 5 6 6 3 2 
22 20 11 11 2 0 -2 4 0 -2 
19 24 9 9 4 1 -5 1 -3 0 
14 20 6 8 1 -1 -2 -1 -5 -2 
14 21 13 13 2 3 6 -1 0 0 
23 20 12 15 8 6 3 -4 -2 1 
30 23 13 11 8 7 -1 -4 -4 0 
