18 24 15 7 4 1 0 0 2 4 
21 26 17 9 6 4 -1 -3 3 5 
28 26 22 8 14 5 3 -4 0 4 
25 30 19 13 6 5 3 -4 -1 5 
19 26 19 12 -1 4 2 -2 1 2 
15 21 17 12 3 1 -4 -2 5 1 
23 19 15 12 5 4 -5 2 5 1 
21 22 17 13 5 4 2 4 3 0 
18 21 17 12 8 2 3 5 2 1 
24 19 15 10 9 2 4 6 2 1 
25 19 10 13 12 -1 7 5 6 1 
25 24 12 15 10 1 4 3 4 1 
30 33 21 15 3 9 10 7 2 3 
38 30 20 14 3 9 10 6 3 4 
37 37 21 16 9 9 7 5 5 6 
25 39 28 19 15 9 4 4 4 6 
21 28 21 10 15 14 0 0 5 4 
19 28 17 4 8 11 -2 -1 6 5 
16 27 22 7 1 3 2 3 7 5 
24 25 22 13 8 12 8 8 11 5 
29 23 20 19 13 14 5 11 10 4 
28 22 18 18 9 11 4 8 4 3 
27 23 17 12 4 10 5 8 2 4 
27 34 14 16 15 8 7 1 0 2 
33 30 15 14 13 9 10 4 2 2 
36 23 16 14 10 10 9 6 4 3 
22 18 11 10 4 -1 0 1 2 -3 
21 15 10 8 1 -4 -1 2 3 -2 
23 18 7 8 4 6 2 2 3 3 
17 26 12 11 7 8 5 1 5 5 
