27 33 16 13 5 -4 -12 -9 -3 -2 
31 30 12 12 1 -5 -6 -6 -2 0 
35 30 19 7 -1 -3 -5 -3 1 0 
31 32 20 4 -2 -3 -6 -6 0 2 
34 30 16 9 0 -1 -6 -9 0 5 
33 31 15 12 5 -1 -6 -9 -1 2 
24 30 18 8 5 -7 -12 -8 -6 0 
25 32 15 5 6 -9 -15 -10 -4 1 
30 37 21 14 7 -7 -7 -4 2 4 
35 34 26 18 11 0 -5 -1 4 7 
40 31 24 17 8 4 -6 -1 2 5 
35 27 18 13 1 -4 -8 -7 -2 3 
34 26 20 14 1 -4 -4 -8 -2 1 
34 26 15 12 -3 -4 -2 -6 -3 -3 
34 35 23 14 10 0 1 -1 1 8 
31 37 25 19 17 5 -5 -6 1 10 
38 32 18 18 10 2 -4 -5 -1 6 
34 34 20 14 1 -3 0 -4 -1 5 
35 34 16 15 3 -2 -5 -5 2 4 
37 33 22 15 9 -2 -11 -3 1 9 
35 37 28 17 7 -2 -6 -2 0 9 
40 36 23 20 7 0 0 -2 1 6 
42 35 24 18 7 1 1 4 2 7 
39 34 24 15 6 -3 2 4 1 5 
33 35 23 12 2 -6 -2 0 0 2 
33 39 27 9 0 0 -4 0 0 2 
33 32 24 12 1 -3 -6 -3 -4 1 
37 33 25 18 6 -3 -3 -2 1 5 
35 34 28 17 7 -3 -5 -1 3 5 
29 33 23 14 3 -7 -6 -6 -2 0 
