36 27 20 9 10 5 2 4 7 3 
38 31 17 17 10 7 3 8 7 4 
27 30 16 21 13 3 4 10 7 7 
26 24 17 18 16 5 5 6 1 4 
37 23 21 21 15 7 4 8 -3 -2 
46 38 28 18 8 -2 -1 -3 -4 -7 
50 50 31 19 7 -3 -7 -10 -4 -7 
53 49 29 22 8 -1 -9 -14 -10 -8 
54 50 30 20 6 -1 -7 -15 -10 -6 
55 55 36 20 6 0 -10 -10 -7 -6 
56 54 36 18 11 3 -8 -8 -11 -8 
55 50 32 21 10 2 -6 -11 -13 -7 
58 50 30 21 9 1 -7 -13 -11 -9 
59 54 31 20 11 2 -9 -13 -8 -13 
58 55 33 19 9 2 -7 -13 -8 -12 
61 50 28 17 12 5 -4 -11 -10 -10 
64 49 26 18 13 4 -5 -10 -8 -7 
62 49 27 16 14 5 -2 -13 -8 -3 
56 47 29 17 16 7 1 -12 -10 -4 
45 46 29 18 17 7 -2 -6 -8 -7 
38 43 27 16 16 10 -5 -3 -5 -5 
44 41 24 12 11 9 -3 -2 -2 -4 
47 39 22 16 15 8 2 -1 0 -4 
44 43 26 22 19 7 0 -4 -7 -4 
47 40 28 19 9 4 -4 -7 -7 -1 
47 37 23 16 8 5 1 -6 -6 -5 
39 36 22 15 10 6 4 -3 -5 -6 
28 29 18 12 7 7 5 0 -3 -2 
29 27 13 9 7 10 6 -3 -7 -6 
27 28 20 17 11 12 10 1 -2 -2 
