45 7 21 2 1 -8 -8 1 -2 3 
42 7 31 3 8 -6 -10 4 -4 -1 
97 55 46 19 6 -7 -14 -10 -13 -8 
106 61 37 12 7 -6 -8 -10 -14 -3 
104 60 33 12 4 -4 -7 -8 -14 0 
108 58 31 13 2 -3 -4 -5 -13 3 
111 54 23 21 4 -2 -5 -4 -14 1 
108 52 14 21 2 -3 -7 -1 -13 1 
108 52 15 20 -2 -3 -9 -3 -13 1 
106 50 19 21 1 0 -6 -4 -13 0 
97 49 18 18 3 1 -1 0 -16 -4 
81 47 21 15 0 0 2 0 -17 -3 
80 54 24 20 1 1 -3 -2 -15 2 
96 52 19 22 7 0 -7 -2 -16 2 
97 46 22 19 7 1 -4 -4 -13 3 
89 49 24 20 4 3 -1 -6 -14 3 
92 48 22 19 1 -1 -5 -6 -15 2 
88 56 21 18 -6 -2 -7 0 -12 -1 
92 66 24 16 -9 -4 -3 -1 -13 4 
95 63 20 15 -3 -6 -1 -6 -16 8 
91 55 17 13 5 -7 -7 -2 -15 0 
92 48 14 10 4 -7 -10 -3 -17 -4 
95 50 17 11 6 -1 -10 1 -17 -3 
96 57 21 9 6 0 -13 5 -14 3 
90 54 14 9 1 -1 -11 6 -14 2 
96 54 3 13 3 2 -9 -1 -9 2 
105 56 9 13 -2 4 -4 -6 -8 3 
101 49 17 11 -7 5 3 -2 -13 -1 
92 42 13 11 -3 7 5 -4 -15 0 
87 44 11 12 1 5 -1 -9 -14 4 
