18 28 15 10 10 7 7 6 8 3 
21 25 15 10 9 7 3 1 5 6 
11 13 5 6 3 1 -3 0 3 3 
22 19 8 9 2 0 -7 -2 3 2 
30 30 18 16 7 8 1 4 6 7 
21 31 18 19 11 12 7 7 6 7 
28 29 17 17 8 6 5 5 4 6 
30 19 17 6 4 0 4 1 1 3 
32 24 19 9 1 4 2 5 -1 -3 
36 29 20 14 6 8 4 7 3 -1 
31 33 15 15 13 10 5 7 9 4 
26 36 22 12 6 7 9 7 7 5 
31 33 14 11 10 7 9 4 9 7 
38 30 9 9 11 6 7 1 8 7 
40 31 23 8 10 5 1 5 7 10 
30 30 20 14 10 6 3 8 11 11 
16 23 12 13 10 8 8 13 13 12 
19 27 18 10 10 6 3 10 8 4 
25 30 18 10 12 10 2 5 6 3 
29 34 17 13 14 17 5 4 8 7 
25 31 19 15 13 11 4 5 14 6 
24 26 17 13 9 4 2 1 7 4 
20 23 19 11 6 2 -3 1 0 3 
21 25 22 11 5 2 -2 4 3 5 
22 27 17 12 6 8 9 3 6 3 
24 29 14 12 8 7 1 5 11 7 
25 29 13 11 9 6 -4 5 10 9 
24 27 9 8 6 3 -1 0 4 9 
15 22 4 3 4 -3 -6 -3 0 7 
15 27 7 4 6 0 -6 0 2 1 
