40 37 26 24 12 5 -4 -3 0 0 
43 41 26 18 7 -1 -8 -4 -3 -5 
49 44 27 15 8 -1 -6 -9 -5 -6 
52 46 24 14 5 0 -6 -10 -4 -5 
52 48 26 11 5 4 -6 -6 -3 -5 
52 50 26 13 9 5 -4 -7 -2 -6 
51 52 29 14 7 0 -5 -10 -2 -3 
54 48 29 18 6 -1 -5 -11 -6 -4 
55 48 31 17 9 1 -7 -10 -8 -8 
56 55 34 17 9 5 -6 -10 -10 -9 
57 57 32 21 11 4 -5 -14 -10 -7 
56 54 34 21 16 0 -8 -14 -7 -6 
57 52 30 22 16 -1 -7 -12 -8 -5 
58 51 30 19 10 -1 -8 -10 -10 -7 
58 49 32 21 9 0 -11 -9 -10 -6 
55 50 32 22 14 6 -9 -8 -10 -8 
54 52 34 21 10 6 -6 -9 -9 -8 
52 51 35 23 9 2 -5 -11 -10 -3 
53 41 33 20 10 -2 -3 -6 -6 -3 
47 36 26 18 9 -1 2 -3 0 -3 
25 26 21 14 7 5 3 0 2 -2 
18 20 22 12 5 5 -1 -1 0 -1 
23 22 18 12 5 4 1 3 3 0 
26 26 15 14 5 5 0 3 2 1 
24 33 15 10 12 9 2 4 1 -1 
23 32 14 14 19 12 9 7 3 1 
29 33 14 20 16 9 4 2 4 4 
32 34 19 20 12 8 2 0 3 4 
28 28 23 17 8 5 3 4 6 5 
21 20 22 13 5 0 3 8 4 4 
