33 26 13 10 -3 -6 -10 -14 -5 3 
24 24 18 9 3 -8 -11 -13 -6 -1 
31 28 22 9 3 -10 -10 -7 -1 2 
35 37 20 10 0 -3 -5 -4 0 2 
35 34 18 10 3 -3 -7 -3 -3 -3 
35 25 17 4 -3 -8 -8 -6 -4 -2 
31 27 20 3 -8 -10 -6 -8 -4 -1 
33 30 24 11 -1 -9 -5 -7 -3 4 
37 30 24 17 0 -10 -5 -2 0 5 
36 28 25 18 -2 -11 -7 -3 0 3 
36 28 20 12 2 -8 -7 -6 -2 -1 
37 30 20 8 1 -7 -6 -5 1 -1 
34 28 19 8 -3 -8 -11 -10 -3 1 
40 36 23 18 5 -2 -4 -8 -2 7 
43 35 21 16 6 -2 -1 -5 1 8 
40 33 18 13 1 -5 -6 -4 -1 5 
32 28 18 14 -6 -11 -11 -8 -7 0 
30 29 18 18 -1 -11 -9 -11 -2 -1 
31 31 15 16 2 -11 -10 -8 -1 -1 
32 28 20 13 3 -8 -12 -8 -6 1 
32 34 26 12 3 -4 -11 -10 -4 3 
36 34 24 17 2 -5 -9 -9 1 4 
35 33 22 14 -1 -6 -9 -8 1 4 
30 27 21 7 -5 -7 -14 -11 -6 1 
33 27 23 13 1 -4 -10 -11 -3 3 
34 30 23 16 3 -2 -7 -9 -2 5 
35 32 24 13 3 -6 -6 -5 -1 3 
36 31 23 11 -1 -13 -10 -3 1 -2 
37 25 12 11 0 -12 -15 -10 -4 -2 
36 31 18 12 4 -7 -12 -6 -1 1 
