18 22 11 14 5 0 2 0 1 0 
13 15 12 15 4 -1 2 3 6 3 
17 14 8 5 7 -2 3 7 4 6 
27 26 11 8 13 5 6 5 -3 3 
29 27 14 8 7 7 2 3 0 1 
24 22 17 3 6 2 -1 2 2 2 
21 26 13 5 12 2 5 0 -1 7 
17 24 11 4 8 0 3 0 0 3 
21 16 10 4 7 8 3 0 -2 -6 
25 22 9 6 8 7 5 0 1 -4 
33 34 12 10 10 6 5 4 4 5 
34 27 16 14 13 7 4 5 2 8 
20 19 16 14 16 5 -1 1 0 4 
23 31 18 12 13 6 -6 -5 -1 -2 
32 38 19 6 5 6 -4 -4 0 -1 
31 35 21 9 8 4 0 4 2 2 
19 26 19 14 14 2 7 9 7 4 
20 21 14 14 12 -1 3 2 3 4 
16 24 10 14 16 5 -1 1 1 7 
17 27 11 12 7 7 4 6 5 6 
21 26 15 9 5 6 4 6 6 5 
31 33 26 14 16 9 2 -1 -2 -2 
32 35 26 12 12 8 -1 0 3 0 
23 28 15 6 10 6 4 5 9 5 
18 24 7 8 10 4 12 7 8 8 
17 26 16 8 7 8 2 4 7 5 
17 26 16 10 5 4 2 3 4 1 
22 20 10 11 2 0 4 3 2 3 
27 18 9 10 4 3 3 2 3 4 
25 24 12 16 12 9 5 3 8 5 
