17 31 20 12 7 1 -2 0 -2 7 
17 25 13 7 12 2 -4 -1 4 4 
21 19 8 6 7 3 -5 -1 6 0 
28 19 10 1 1 4 -1 3 2 2 
27 26 13 4 8 6 5 5 2 6 
22 28 18 10 11 7 2 4 1 5 
18 23 15 10 5 2 -3 0 3 4 
20 24 17 9 4 -1 -4 0 5 4 
29 26 21 15 8 5 -2 -2 4 2 
30 26 17 20 9 4 4 1 5 6 
28 27 13 11 7 1 8 6 5 5 
39 32 15 8 4 -3 2 -4 -2 -4 
51 40 20 12 3 -3 -3 -5 -2 1 
55 46 24 9 3 -6 -6 -1 -3 3 
57 48 25 12 2 -3 -9 -5 -6 0 
54 48 26 17 2 -3 -9 -9 -7 -1 
50 46 30 15 0 -6 -7 -9 -6 -2 
53 46 29 14 1 -4 -9 -7 -5 -1 
53 47 26 12 3 -4 -7 -3 -7 -2 
52 45 27 9 1 -2 -5 -4 -8 -4 
50 45 26 11 3 -9 -8 -5 -3 -4 
47 47 25 14 5 -10 -7 -9 -1 0 
47 49 23 10 3 -4 -6 -9 -3 -2 
46 42 24 14 0 -6 -4 -5 -6 -5 
43 35 24 18 2 -1 1 -3 -4 -3 
41 34 22 16 2 1 1 2 1 3 
33 38 22 15 5 0 -2 1 -1 -1 
27 37 27 16 10 2 -2 -2 -1 2 
28 30 20 11 9 6 0 -2 1 8 
24 23 12 5 3 4 5 0 1 5 
