25 21 10 10 8 4 5 4 5 6 
24 22 7 11 5 2 2 1 3 5 
18 26 10 8 6 -2 -4 1 4 4 
19 26 14 5 8 1 -1 2 6 5 
27 28 20 16 14 6 2 1 6 9 
31 26 19 16 10 8 2 2 5 8 
32 26 15 8 6 2 2 4 6 5 
26 28 15 9 7 0 -2 3 5 6 
31 26 10 9 3 2 3 -1 1 6 
43 32 19 13 0 -3 -3 -6 -4 0 
52 51 33 16 -5 -11 -14 -12 -8 -6 
57 58 26 10 -6 -11 -12 -15 -8 -5 
59 57 20 3 -11 -13 -10 -14 -8 -5 
57 49 16 -1 -15 -14 -16 -16 -13 -12 
59 47 16 -2 -15 -15 -18 -19 -14 -14 
61 48 16 0 -10 -17 -14 -20 -14 -13 
62 51 22 5 -9 -14 -14 -17 -14 -9 
60 57 30 6 -9 -8 -16 -15 -14 -2 
52 59 28 7 -6 -9 -15 -16 -11 -1 
48 49 21 1 -9 -13 -14 -16 -12 -5 
51 40 12 -5 -10 -12 -13 -13 -12 -5 
49 39 9 -3 -13 -12 -11 -14 -9 -7 
51 42 8 -4 -16 -15 -14 -12 -7 -7 
55 42 7 -4 -11 -14 -18 -13 -7 -5 
49 43 13 -1 -6 -12 -20 -15 -8 -5 
44 40 18 2 -9 -11 -15 -13 -6 -1 
46 39 28 13 -1 -5 -9 -9 -3 5 
49 45 25 7 -1 -4 -10 -4 -4 4 
42 43 24 0 -6 -6 -14 -10 -6 3 
34 30 22 2 -5 -10 -17 -14 -8 0 
