31 28 9 8 4 0 -1 3 5 0 
35 34 15 11 11 5 6 1 6 1 
28 30 18 12 11 7 3 0 7 3 
21 22 13 3 3 1 -3 -2 0 0 
23 24 13 11 10 2 -1 3 3 3 
26 20 14 19 5 3 3 6 1 5 
34 27 17 22 6 6 6 3 1 5 
29 32 16 22 10 8 4 2 6 5 
20 27 12 16 7 6 3 3 8 9 
42 38 18 9 2 -2 -6 -7 -3 0 
53 44 20 5 -4 -4 -6 -8 -2 0 
58 50 21 7 -6 -4 -7 -7 1 2 
60 46 18 10 -5 -5 -7 -8 3 0 
61 50 21 9 -2 -2 -7 -8 0 -1 
65 54 25 7 -5 -1 -7 -3 -1 -3 
67 52 24 7 -4 -1 -5 -3 -2 -3 
67 54 19 6 -3 -2 -4 -2 -2 -2 
67 54 20 4 -4 -1 -5 -4 -1 -3 
68 52 20 4 -3 -2 -6 -7 -5 -1 
65 49 20 9 -3 -5 -7 -6 -5 -1 
59 50 24 11 -6 -5 -7 -5 -4 -2 
59 50 25 10 -5 -6 -4 -5 -3 -2 
61 47 20 8 1 -1 -2 -7 -4 -4 
57 47 20 6 4 1 -2 -6 -5 -5 
50 43 23 7 2 0 -3 -4 -2 -8 
41 37 19 6 1 1 -1 -3 -2 -5 
36 31 14 6 3 2 1 -2 1 2 
40 33 20 11 6 0 0 -3 0 -2 
38 35 18 14 5 1 -1 -2 -4 -1 
27 28 13 12 3 0 -1 -2 -4 4 
