23 21 18 12 5 2 -1 -5 -1 -2 
15 20 13 16 6 4 3 0 5 2 
20 26 14 12 7 3 1 8 11 5 
20 24 16 7 8 5 1 8 9 6 
15 21 10 6 4 -3 -6 -3 -1 2 
14 19 10 9 -1 0 -7 -1 -4 1 
19 20 11 13 6 9 1 2 1 4 
31 26 8 11 11 8 2 2 3 3 
28 27 10 5 4 6 4 5 2 2 
19 27 14 6 -2 -1 0 6 5 1 
18 24 12 7 1 1 -1 2 3 0 
21 22 10 4 3 3 -2 1 1 -1 
26 21 13 12 5 5 0 3 3 3 
22 27 15 12 9 7 10 0 7 4 
24 32 16 12 11 9 7 0 6 4 
24 26 20 13 5 9 2 3 1 6 
19 27 20 12 4 6 1 -2 -4 3 
21 28 17 12 3 4 1 0 1 2 
25 26 15 8 4 4 4 5 4 5 
26 28 17 4 8 7 5 6 2 8 
23 27 13 4 12 7 7 7 2 4 
27 29 11 5 11 5 5 -1 1 4 
29 25 12 8 7 1 0 -5 -1 4 
27 22 14 14 3 4 -1 -3 -5 2 
31 28 19 11 7 8 2 0 -4 2 
31 29 21 11 7 9 3 1 0 3 
23 32 23 9 6 7 5 0 0 5 
16 29 20 7 9 4 2 -1 2 1 
16 23 10 5 6 5 -4 -5 2 2 
26 26 11 6 7 6 0 1 3 7 
