24 25 17 7 -2 3 -2 2 2 0 
34 27 16 7 4 4 -4 3 2 1 
27 26 18 15 6 2 0 2 1 3 
24 29 8 11 4 5 4 3 6 2 
23 32 7 8 6 8 4 3 7 4 
23 23 12 13 3 1 0 0 2 2 
20 20 15 12 4 0 -3 -3 3 1 
25 26 18 9 6 4 3 -2 1 3 
35 27 15 8 2 5 4 -3 -5 4 
26 29 11 10 1 2 -1 -3 -2 2 
26 29 12 7 -3 -7 -8 -6 -4 0 
45 40 12 -5 -8 -14 -15 -13 -14 -8 
56 50 13 -7 -7 -11 -17 -15 -15 -8 
65 46 19 1 -7 -14 -17 -16 -12 -4 
67 44 22 0 -9 -18 -16 -15 -10 -3 
59 43 18 -4 -11 -20 -17 -17 -11 -6 
57 40 16 -7 -16 -18 -18 -22 -13 -5 
62 44 17 -4 -16 -13 -17 -18 -9 -2 
67 51 16 4 -11 -11 -13 -11 -6 -1 
65 50 19 6 -12 -9 -10 -12 -7 -1 
57 45 14 2 -16 -12 -12 -12 -6 -5 
54 44 13 -3 -16 -14 -12 -11 -3 -9 
58 43 14 -1 -10 -15 -15 -11 -4 -8 
62 48 15 2 -6 -13 -16 -8 -4 -5 
62 54 20 6 -5 -8 -14 -10 -3 -3 
65 51 18 4 -7 -8 -15 -10 -3 -1 
63 50 16 -4 -11 -12 -17 -7 -3 1 
59 50 17 -1 -11 -12 -14 -8 -4 0 
55 47 16 -2 -13 -14 -14 -10 -7 -6 
55 49 18 -3 -10 -11 -15 -10 -5 -5 
