127 49 37 -9 -2 3 -5 1 -7 -2 
127 29 39 -18 0 13 -8 -4 -8 1 
125 22 38 -15 7 13 -13 -3 -10 4 
103 29 35 -5 10 2 -11 -1 -13 4 
95 35 34 -9 9 3 -11 1 -11 4 
100 38 35 -13 7 6 -13 0 -8 5 
100 37 35 -9 4 8 -12 -4 -6 7 
90 41 37 -16 9 7 -16 -3 -6 7 
90 38 32 -12 9 6 -14 0 -9 1 
86 37 31 -3 2 10 -12 -3 -7 0 
85 37 31 -3 0 9 -14 -3 -7 1 
92 35 29 -7 3 7 -11 -3 -11 3 
92 36 28 -4 -2 7 -9 -1 -12 3 
99 30 25 -3 -6 9 -15 4 -10 2 
99 32 20 -16 0 5 -17 1 -15 3 
97 39 17 -10 2 8 -17 0 -15 4 
90 40 26 -2 4 9 -13 -2 -12 5 
87 41 35 -1 6 6 -10 0 -13 2 
91 37 30 6 9 10 -12 1 -15 0 
90 28 32 5 14 14 -12 -6 -17 2 
95 30 34 0 13 12 -11 -7 -16 4 
103 40 37 -6 13 5 -8 -1 -13 1 
106 41 30 5 12 2 -5 0 -12 2 
105 35 38 8 10 3 1 -9 -9 1 
81 19 32 1 1 -1 4 -2 -3 1 
68 16 33 4 8 -1 0 1 -3 -1 
66 10 27 9 10 -3 1 6 0 -1 
65 10 30 10 10 -2 -2 4 4 0 
70 15 36 13 11 1 -4 -1 2 -1 
75 14 35 12 10 -2 1 -2 1 -2 
