29 23 12 11 7 8 4 -2 0 1 
19 25 15 16 11 5 0 1 -1 4 
20 21 11 14 7 2 3 7 -2 0 
26 21 11 9 8 6 7 7 2 -3 
24 22 13 8 8 6 5 5 3 -1 
18 20 10 12 4 0 1 6 2 2 
17 19 6 10 8 -3 -2 2 2 3 
22 25 11 15 16 4 0 3 4 5 
27 28 22 14 12 14 -2 4 5 4 
22 24 25 14 6 15 6 5 1 1 
17 20 17 13 8 7 6 2 0 5 
20 21 14 7 10 5 4 2 4 8 
18 20 16 10 7 9 8 6 7 9 
20 28 21 16 7 6 8 7 11 7 
25 31 21 13 12 10 10 2 8 5 
21 31 20 11 10 13 8 -3 2 4 
14 30 22 17 10 3 5 6 1 4 
17 18 18 20 12 1 6 8 -1 4 
30 25 16 20 16 8 11 4 7 5 
35 33 16 16 18 12 7 3 8 3 
29 27 22 21 13 11 0 4 2 -2 
26 27 22 16 8 8 -3 -2 -3 -4 
33 27 15 7 6 8 0 -3 -3 -2 
21 24 9 10 10 12 5 6 3 4 
19 25 13 13 10 7 3 5 6 8 
19 21 9 13 5 7 10 3 3 6 
12 16 5 8 4 5 7 3 2 2 
13 19 8 2 8 1 -5 1 5 -2 
24 31 17 12 12 4 1 4 3 1 
26 30 16 13 7 1 6 8 3 1 
