24 24 12 5 -1 4 1 -1 -1 3 
22 27 12 8 0 3 -1 -6 -3 5 
28 31 15 16 9 5 2 -3 4 4 
34 25 19 20 13 6 0 -3 3 2 
31 25 16 16 9 6 3 -2 7 3 
33 38 14 7 8 8 7 -3 7 6 
33 30 12 9 10 7 4 -1 2 5 
26 28 13 10 8 5 -2 -2 -1 0 
32 32 17 13 14 6 0 2 3 4 
34 30 11 13 13 7 9 7 6 9 
35 34 14 14 9 7 7 6 5 7 
24 28 19 12 5 4 2 3 6 6 
18 27 18 12 6 6 2 1 3 5 
19 26 16 15 12 2 -1 2 0 3 
26 24 16 18 18 7 2 9 7 6 
31 24 18 18 14 9 2 8 10 4 
32 21 18 16 14 4 1 4 4 2 
30 18 11 12 6 -1 -2 0 -2 3 
22 22 13 17 3 -4 2 3 4 3 
29 27 17 21 5 -4 4 3 5 2 
33 29 16 12 6 1 -1 5 6 2 
23 25 11 7 3 2 -3 1 8 1 
24 24 9 4 1 -3 -6 -4 4 -2 
30 31 15 11 6 3 -2 -2 5 7 
42 31 15 17 7 3 0 -1 2 5 
45 28 16 15 8 2 0 1 0 1 
33 31 14 14 6 5 1 1 1 5 
32 36 16 13 6 4 5 5 6 6 
35 31 16 8 8 9 4 4 6 6 
31 25 13 9 8 9 0 2 3 4 
