25 25 15 21 5 4 7 5 4 3 
26 30 15 19 5 3 4 4 5 3 
32 30 17 15 5 2 -3 4 4 6 
36 28 14 13 4 2 -1 6 1 3 
33 28 11 13 3 6 1 3 4 3 
23 31 16 11 5 6 2 7 10 8 
30 30 13 9 13 7 3 8 8 7 
46 36 19 10 3 -5 -5 -3 -3 4 
62 45 14 -4 -16 -15 -7 -6 -3 3 
70 51 9 -10 -17 -14 -9 -3 1 1 
70 52 8 -9 -15 -13 -5 1 5 0 
73 49 9 -5 -16 -8 0 -4 4 4 
74 50 7 -3 -16 -8 -4 -5 1 1 
72 52 8 -5 -16 -14 -8 -6 -3 -2 
74 55 15 -6 -14 -14 -11 -9 -4 -2 
74 59 20 -2 -14 -13 -13 -11 -3 -3 
75 60 23 5 -13 -12 -14 -11 -1 -5 
69 53 26 7 -8 -12 -16 -14 -3 -4 
69 26 3 -3 -3 -11 -15 -15 -4 -5 
64 29 1 1 4 -6 -9 -6 -2 -1 
45 47 28 8 1 -8 -13 -10 -9 -1 
33 33 23 6 0 -10 -13 -12 -11 -2 
16 22 10 5 3 -2 -2 -4 1 5 
13 23 15 7 3 -2 -2 -5 1 1 
18 24 14 11 4 1 3 -3 -1 1 
27 27 8 11 6 2 1 -1 -1 1 
25 28 13 5 8 3 -2 -5 2 2 
31 27 14 9 9 6 1 -3 1 1 
34 29 16 13 8 8 4 1 0 2 
35 29 16 9 10 10 5 8 7 2 
