36 38 25 16 5 5 4 0 2 -4 
39 34 22 17 8 1 -5 -1 -1 -4 
43 31 18 16 12 7 -2 -2 -2 -3 
43 36 22 19 16 10 2 0 1 -1 
47 46 28 20 15 6 3 4 7 3 
50 42 25 18 15 8 1 3 8 7 
47 38 22 16 14 9 1 1 6 3 
51 37 20 17 12 6 4 3 8 1 
59 40 16 14 9 6 6 5 6 -2 
68 41 16 10 11 9 1 -1 4 -4 
73 36 12 13 16 9 -3 -2 3 -1 
74 41 14 20 21 8 5 3 3 3 
82 47 22 19 17 9 5 0 2 -2 
81 43 19 19 12 9 1 0 2 -2 
67 39 11 19 8 3 0 4 4 0 
64 41 16 17 7 7 0 0 6 -1 
57 38 15 16 5 2 -3 -6 9 2 
59 43 14 17 7 2 3 1 10 6 
60 40 16 14 12 5 4 8 7 2 
52 33 11 15 14 7 2 2 5 -1 
57 35 13 16 16 3 -2 -3 2 0 
59 36 17 22 16 -1 -2 3 3 -1 
47 31 22 29 16 7 3 4 8 0 
52 35 21 21 12 8 3 1 9 4 
57 45 19 13 8 2 1 4 7 3 
54 42 14 9 8 0 -7 -1 5 2 
51 39 15 11 10 9 -4 -5 5 4 
61 42 19 16 12 9 2 -1 4 0 
65 34 10 22 20 11 2 1 2 -2 
58 33 4 17 17 10 3 0 7 -4 
