102 17 -11 2 -1 -12 -10 7 4 -4 
71 49 24 5 0 1 1 -3 -2 -2 
43 38 29 20 13 6 0 0 1 -1 
37 31 21 19 13 2 -2 0 -4 -4 
43 34 26 16 11 5 3 0 -1 2 
40 37 29 18 8 6 -1 -1 3 4 
38 37 27 25 15 9 1 0 3 2 
36 38 30 25 14 6 4 0 -1 3 
36 37 34 20 6 2 6 -1 -5 0 
37 39 31 20 9 3 7 -1 -4 -2 
39 36 22 19 10 6 3 0 -1 -1 
43 34 22 20 14 7 0 0 -1 1 
42 38 23 19 12 3 -2 -2 -1 0 
107 35 -12 1 1 -12 -14 -1 9 5 
109 36 -12 0 3 -12 -14 -1 8 6 
70 50 24 6 -4 -5 -3 -2 -4 -1 
44 31 24 17 8 4 1 -3 -6 -3 
37 34 19 12 9 5 0 0 -4 -3 
34 38 22 15 12 5 -1 0 1 -1 
36 39 30 23 12 3 4 2 3 -2 
37 37 25 19 11 5 4 2 0 -3 
40 33 18 16 14 6 -1 -1 0 -1 
37 32 18 21 15 4 -1 3 0 -1 
31 33 24 22 9 2 -2 -2 -2 2 
35 37 28 19 13 8 3 -2 -2 2 
37 36 25 17 15 2 0 5 1 -1 
33 35 21 15 11 1 -4 6 1 -3 
37 37 27 18 10 7 1 1 1 -3 
39 35 28 21 11 6 1 -1 -1 -2 
34 34 24 19 8 5 1 -1 -3 -1 
