40 33 20 13 3 -3 -8 -5 -3 -4 
38 32 16 11 -2 -1 -8 -3 -5 0 
48 38 19 11 0 2 -5 -2 -2 -2 
51 45 21 12 5 1 -5 -7 -1 -3 
46 45 23 12 6 -3 -6 -7 -1 1 
49 36 16 5 0 -8 -4 -3 -1 4 
49 40 19 11 0 -4 -4 -2 2 4 
48 41 24 18 3 3 -3 -3 0 0 
57 40 24 10 2 -1 -5 -2 -4 -1 
58 47 27 12 5 0 -7 -5 -3 -1 
53 50 29 19 14 2 -5 -8 -4 -2 
56 50 29 20 11 -1 -6 -8 -5 -1 
59 52 32 21 7 -4 -5 -6 -2 1 
60 51 28 16 10 0 -4 -6 0 -1 
62 50 25 17 9 1 -7 -5 -4 -4 
66 54 34 22 9 0 -11 -10 -9 -4 
64 56 39 21 10 1 -13 -14 -11 -2 
58 50 28 14 5 -1 -10 -7 -6 -2 
54 51 28 15 4 -1 -7 -7 -6 0 
50 56 34 17 8 -1 -9 -5 -7 0 
49 48 31 20 9 -5 -9 -1 -5 -3 
39 35 28 17 2 -1 -6 -3 -2 -4 
35 33 25 11 2 0 -9 -7 -2 3 
38 34 19 15 4 3 -5 -11 0 5 
36 34 19 18 3 3 -3 -9 1 2 
31 37 22 15 1 -6 -8 -5 -3 1 
28 32 20 11 -2 -8 -8 -8 -6 -1 
34 32 23 16 5 -4 -9 -6 -3 -3 
39 34 19 14 3 -1 -6 -5 0 -3 
42 29 21 17 2 0 -5 -4 3 0 
