39 33 20 15 -1 -1 -8 -7 -1 -1 
35 35 18 11 0 -4 -6 -11 -6 -5 
33 31 17 12 -2 -4 -9 -7 -3 -4 
29 28 20 15 4 -2 -9 -6 1 -3 
38 32 21 11 8 -2 -11 -11 -1 -4 
48 40 24 14 8 -7 -10 -11 -6 -6 
56 53 24 17 7 -10 -9 -6 -2 -2 
59 58 23 17 5 -6 -9 -5 0 1 
55 47 25 14 4 -4 -10 -4 -2 -2 
44 37 25 16 6 -3 -9 -6 -6 -4 
46 42 24 14 7 3 -5 -5 -4 -1 
52 46 22 9 7 2 -5 -5 -1 -1 
54 45 22 13 4 1 0 -4 -5 -1 
54 45 18 12 4 8 4 -4 -2 0 
67 52 24 16 3 3 -2 -9 -3 -2 
71 53 29 15 5 3 -2 -6 -5 -5 
65 59 29 13 9 5 1 -6 -5 -8 
58 61 34 15 9 2 -6 -12 -9 -4 
61 56 33 12 7 -1 -12 -12 -6 -3 
58 54 31 14 8 -5 -8 -9 0 -3 
47 50 30 18 5 2 -1 -5 -1 -4 
42 47 25 14 8 5 2 -4 -1 -1 
42 42 23 15 11 2 0 -4 0 4 
45 37 26 18 8 3 -4 -8 -4 5 
41 36 23 14 8 2 -2 -6 -6 3 
38 38 22 11 2 -2 -1 -2 1 0 
39 31 17 9 1 -3 -6 -7 5 -3 
43 30 22 14 7 1 -10 -8 -2 -1 
34 37 26 13 7 -1 -11 -7 -4 0 
31 35 21 8 4 -7 -10 -7 -1 1 
