33 22 10 11 9 -3 -2 -5 0 2 
34 28 13 15 13 -1 -3 2 3 4 
39 34 17 18 12 3 1 1 2 3 
39 31 16 20 12 4 1 -3 1 0 
31 30 16 16 10 2 -1 -5 -3 -3 
31 29 16 13 3 -2 4 0 3 0 
39 25 10 14 6 0 3 0 4 2 
41 25 17 17 15 6 -1 3 1 4 
34 29 24 18 18 7 -2 3 -1 3 
29 32 19 15 13 7 -4 -3 0 0 
30 31 18 12 7 4 -1 -3 3 1 
36 27 14 11 7 1 -3 4 4 -1 
36 26 12 14 10 5 0 7 3 -1 
37 23 9 14 10 6 5 3 3 -1 
44 6 -4 17 15 5 0 -4 2 -6 
42 8 -2 21 20 8 0 -4 -1 -6 
25 31 16 20 14 3 1 -3 2 -1 
26 29 15 21 17 5 4 -2 3 -1 
38 30 7 16 12 9 3 -4 1 2 
38 32 6 13 13 8 3 -7 -1 4 
29 31 13 13 13 6 -2 -3 0 1 
24 25 12 10 7 5 -4 -2 3 -4 
26 31 16 9 6 5 -1 -1 5 -1 
33 28 17 10 8 6 -2 -2 2 1 
37 25 13 15 8 3 -1 1 -2 -3 
43 -7 -4 28 21 4 -8 1 1 -3 
41 -5 -5 28 21 4 -8 -3 2 -4 
34 19 3 19 15 3 -7 -9 0 -2 
29 32 15 14 6 4 -1 -6 -1 -1 
32 34 13 15 6 4 2 -3 1 0 
