45 34 19 9 9 0 -7 -7 -4 0 
55 48 21 14 6 -3 -6 -10 -7 -4 
56 53 24 20 6 -3 -4 -8 -7 -9 
56 50 26 22 6 0 -5 -6 -5 -5 
56 47 26 19 8 2 -7 -6 -1 -1 
54 43 24 11 11 5 -5 -5 -3 -2 
60 42 17 7 10 1 -5 -7 -6 -4 
60 47 15 8 5 -1 -6 -12 -6 -6 
58 46 15 1 1 0 -4 -13 -9 -8 
62 50 20 4 5 2 -2 -8 -8 -5 
63 58 32 13 4 0 -5 -6 -9 -2 
67 57 27 12 5 3 0 -4 -8 -2 
67 55 22 9 5 6 0 -3 -4 -2 
67 51 21 12 4 7 -2 -4 -5 -4 
64 52 23 15 4 4 -2 -5 -4 -6 
66 57 23 14 3 -4 -10 -6 -3 -6 
66 55 21 13 5 -4 -9 -6 -5 -5 
51 48 28 10 9 -2 -3 -5 -6 -3 
53 49 26 10 11 1 -6 -5 -6 -5 
53 51 27 16 12 3 -4 -4 -5 -6 
44 46 30 22 12 4 0 -1 -3 -4 
38 35 23 19 8 1 -2 -2 -1 1 
31 33 22 17 8 -2 -4 -6 0 1 
31 28 16 10 6 0 -3 -5 -1 -3 
37 24 14 12 6 0 -2 -2 -2 -4 
34 28 17 19 6 1 -3 -3 -2 -6 
31 31 22 18 3 3 -1 -3 2 -4 
26 31 20 18 3 3 1 -2 0 -3 
27 33 19 15 5 -1 -4 -5 -7 -3 
29 34 23 15 8 1 -6 -4 -4 -1 
