26 29 23 18 6 0 -3 -1 -2 -5 
22 30 22 14 2 0 -2 1 1 -5 
36 32 17 12 4 4 1 2 1 -3 
38 32 17 12 7 6 2 -3 1 -1 
29 34 20 15 8 5 0 -3 1 -1 
29 33 20 14 9 7 5 1 -2 -2 
31 27 21 16 10 8 2 -4 -5 -2 
35 26 21 14 6 4 1 -3 -6 -3 
36 28 20 13 5 0 1 0 -2 -3 
31 31 15 12 8 5 -1 -5 5 -6 
32 34 17 13 7 7 -3 -4 6 -4 
31 31 21 12 6 7 -5 -3 3 0 
35 33 20 15 11 9 3 1 2 1 
37 32 19 18 12 7 1 3 2 -2 
34 29 22 18 11 5 2 2 2 -2 
30 35 25 19 12 8 7 6 3 0 
29 34 23 20 10 5 5 6 2 -1 
35 28 15 16 11 2 1 1 -2 -2 
33 30 18 11 13 7 0 -2 0 0 
29 35 23 12 7 6 -2 -2 2 0 
32 36 24 18 9 6 -2 -3 5 1 
34 33 21 21 16 7 1 -2 3 1 
31 31 21 18 12 5 -1 -2 -2 0 
32 29 22 15 10 1 -4 -4 0 -1 
31 29 22 22 10 3 -2 -2 1 -1 
25 29 20 20 11 9 0 -4 -3 -2 
28 32 24 21 14 10 -1 -2 -2 0 
32 30 26 17 13 6 2 2 -2 0 
34 27 18 12 8 3 3 3 -1 -2 
37 27 13 15 10 1 1 0 -1 0 
