33 28 18 17 7 6 -1 3 0 -1 
32 27 20 9 6 6 1 -1 -1 -3 
31 24 17 6 8 5 0 -2 -2 -1 
30 23 14 9 9 7 -2 0 0 1 
26 26 10 9 5 10 -1 3 3 3 
33 27 11 10 -4 -4 -7 -3 -5 -4 
37 30 19 14 -1 -3 -5 -3 -2 -5 
34 41 22 14 4 2 -7 -7 -1 -6 
51 51 27 17 3 1 -5 -8 -7 -6 
66 52 27 13 0 -3 -7 -7 -6 -1 
68 53 28 14 0 1 -7 -6 -2 0 
63 49 28 16 4 6 -2 -3 -4 -3 
59 43 24 16 7 4 -2 -5 -3 -2 
64 55 25 12 6 -2 -5 -7 -1 1 
67 54 22 9 3 -1 0 -4 -3 -1 
70 52 25 12 0 3 1 -4 -6 -4 
69 56 29 11 -1 -3 -6 0 -5 -3 
75 52 15 -1 0 -3 -3 -3 -6 -3 
71 48 11 -5 0 -2 -3 -8 -5 -2 
57 48 22 11 7 1 -4 -4 -5 -5 
68 52 26 8 -3 -2 -6 -3 -2 -1 
76 52 26 4 -1 3 -3 -5 -7 -2 
70 54 26 11 6 6 1 -3 -7 -7 
67 55 28 14 1 2 2 1 -2 -5 
71 57 27 9 0 0 -2 -1 -4 -3 
71 59 26 6 6 3 -3 -3 -7 -4 
65 57 28 11 10 6 -2 -3 -7 -8 
60 55 31 11 3 6 -1 -1 -5 -6 
52 45 26 18 4 4 -4 -4 -2 -2 
49 45 28 22 5 1 -3 -4 1 0 
