46 33 15 12 -3 -5 -9 -3 5 4 
63 42 17 7 -3 -3 -1 1 1 0 
66 46 18 5 -1 3 -2 1 2 -2 
64 44 17 1 -5 4 1 3 7 -2 
71 41 18 6 0 2 0 2 2 -4 
72 44 16 10 11 3 4 -1 -3 -8 
71 50 13 8 14 7 2 -3 -3 -9 
77 40 6 -2 8 7 1 -4 -2 -5 
72 32 0 -6 4 3 3 -2 0 -3 
70 38 8 0 4 3 4 4 0 -3 
71 35 9 2 4 1 4 5 1 -3 
68 33 5 4 1 -2 0 2 3 0 
70 35 2 0 -2 0 1 3 3 0 
75 43 7 1 0 4 6 3 0 -2 
76 49 12 3 3 8 4 1 0 -1 
78 49 11 3 3 8 2 3 1 -1 
80 48 9 3 -2 11 6 3 1 -2 
79 43 4 3 -1 6 3 3 4 -2 
76 40 5 -2 0 0 -3 0 1 -3 
76 39 10 2 -2 2 -2 -1 -2 -3 
71 34 12 8 5 5 0 -2 -1 -3 
70 37 12 5 9 4 -1 -3 -3 -2 
73 37 7 2 7 -1 -3 -1 -5 -1 
69 31 8 7 5 -3 1 4 -2 -4 
67 35 12 8 2 0 4 5 1 -5 
73 41 4 4 2 7 3 -3 -2 -4 
77 39 -1 0 4 10 6 0 -4 -2 
71 36 6 -2 7 10 7 4 -3 -2 
71 36 10 4 9 3 2 0 -3 -5 
73 37 4 4 11 4 6 1 -2 -8 
