56 19 5 8 7 4 3 0 1 -3 
61 22 7 9 8 5 4 2 4 -2 
77 38 5 8 6 6 2 6 7 -5 
74 38 10 9 6 7 1 4 5 -1 
76 35 10 10 7 6 4 4 6 -1 
79 33 11 10 8 7 5 4 5 -3 
78 36 13 10 8 7 4 2 4 -4 
74 38 12 9 9 9 1 2 4 -5 
75 39 15 13 6 8 -2 1 4 -5 
75 40 14 15 7 3 -1 0 2 -3 
74 41 13 13 10 0 -3 2 0 -5 
77 40 17 15 9 0 -3 2 0 -7 
79 37 21 17 7 -2 -2 4 0 -6 
81 43 22 13 4 -6 -2 8 2 -6 
83 51 19 6 -3 -5 -1 7 3 -4 
87 43 17 10 -4 -3 -2 7 5 -4 
87 40 16 13 2 0 -3 6 7 -5 
82 40 16 15 3 1 -4 1 4 -4 
80 41 16 18 4 -1 -2 -1 0 -4 
79 45 17 13 5 -3 -4 2 -2 -2 
75 42 21 12 4 1 -5 0 2 -2 
64 38 22 14 6 2 -2 3 3 -2 
59 31 16 13 10 2 1 4 -1 2 
61 26 11 11 9 3 -1 2 3 2 
62 33 13 13 8 2 0 0 5 -3 
58 30 14 16 8 -1 3 2 1 -3 
56 24 15 18 6 0 2 4 2 -4 
54 26 18 20 7 2 0 2 1 -6 
51 21 17 20 14 5 0 -1 0 -5 
49 23 13 22 14 8 0 -1 0 0 
