61 36 16 15 7 1 1 0 4 2 
64 34 13 13 8 4 0 -1 4 3 
70 35 11 13 8 -1 -2 -1 0 -1 
71 34 17 9 5 0 0 -2 -2 -2 
70 35 16 7 2 3 2 -1 -2 0 
72 39 15 10 4 -2 2 1 2 -3 
73 40 14 8 5 2 -1 2 9 1 
70 40 13 10 3 5 2 4 10 4 
70 41 17 16 4 2 3 0 3 -1 
75 41 15 10 7 2 2 1 2 0 
75 46 12 6 8 2 -1 4 6 2 
72 46 17 8 3 4 -1 2 6 0 
72 46 13 5 1 4 3 1 5 -1 
75 45 16 3 -1 1 5 2 2 -3 
77 44 19 3 -2 1 2 3 0 -2 
79 47 17 5 -2 3 4 5 1 -1 
79 49 17 11 2 1 4 9 4 -7 
78 50 15 9 4 -1 2 7 3 -4 
78 46 13 6 3 0 -2 4 4 1 
76 43 14 7 -1 -2 -4 3 9 4 
72 41 12 7 -1 -5 0 2 9 2 
66 36 10 9 4 -3 1 3 7 2 
66 35 9 9 4 0 -1 4 7 0 
67 34 8 11 3 2 2 3 3 -1 
64 36 11 9 6 3 1 3 0 -4 
63 42 15 7 5 2 0 1 2 -4 
65 40 15 10 7 1 -2 2 3 -3 
67 32 15 11 7 2 -4 3 0 -5 
67 31 17 11 5 4 0 2 -3 -6 
68 32 14 11 4 4 2 2 0 -2 
