32 24 11 10 9 4 -1 -4 3 3 
26 20 17 9 7 7 0 -7 -2 -1 
26 21 17 9 6 8 0 -1 0 1 
26 25 13 14 9 6 4 7 6 0 
25 18 8 17 11 7 5 4 7 1 
32 20 14 17 14 7 5 5 3 4 
34 24 15 15 13 6 3 5 6 4 
29 24 12 14 11 5 1 3 9 4 
42 35 18 13 8 3 -1 -4 0 -3 
52 41 23 17 9 2 2 -5 -4 -2 
57 43 27 19 10 0 -1 -2 0 -5 
62 44 19 16 14 5 0 -2 -1 -9 
62 43 16 12 11 7 1 -2 1 -5 
63 45 18 14 9 7 0 -1 -2 -4 
67 47 20 15 10 6 2 0 -6 -7 
70 46 14 5 2 1 5 3 -1 -5 
66 41 7 1 -2 1 4 6 1 -3 
71 33 1 -3 1 3 2 2 1 -2 
77 29 4 -9 5 3 1 3 2 -3 
72 33 11 -4 -1 3 -1 5 2 -5 
63 39 13 0 -4 -1 -1 0 4 -1 
62 40 10 0 -1 -3 2 1 3 1 
66 37 11 3 2 1 -2 -2 0 0 
65 41 12 2 2 -3 -2 0 2 2 
63 43 12 5 0 -2 0 4 4 0 
60 37 13 9 2 6 1 4 10 1 
61 41 18 7 5 3 1 3 8 -1 
65 45 19 3 4 2 -1 0 2 0 
68 41 10 0 1 2 2 2 2 0 
66 36 12 1 -3 -1 4 6 2 0 
