51 46 20 11 10 3 1 3 4 -3 
61 54 22 11 8 6 3 4 -1 -7 
64 49 24 20 8 6 5 3 -2 -7 
76 44 14 8 0 7 7 1 -2 -3 
72 40 11 3 -4 10 3 2 1 -3 
70 41 16 4 0 5 2 5 6 1 
76 42 13 -3 2 4 8 4 1 0 
76 39 9 2 5 3 4 1 3 -1 
79 34 7 8 3 2 0 -2 7 0 
79 27 1 7 2 3 0 0 6 -1 
81 24 0 12 13 7 0 2 7 5 
86 23 -3 12 16 11 0 -3 3 2 
85 24 -2 11 12 10 -1 -5 1 -2 
84 28 5 10 9 6 0 -2 5 0 
84 32 8 7 9 5 -1 2 5 -1 
86 40 10 8 9 3 -6 1 3 -6 
88 37 10 2 1 4 -4 2 0 -6 
86 36 8 -3 5 8 5 3 -2 0 
84 35 8 4 9 8 8 5 -3 -4 
83 36 15 10 5 7 9 4 -1 -7 
74 46 15 14 9 5 9 4 6 -2 
68 40 6 11 12 7 8 5 9 4 
73 31 3 4 10 5 1 2 0 -3 
74 33 2 4 11 6 4 5 -1 -4 
75 39 1 1 11 8 2 5 3 0 
74 36 0 4 11 8 0 5 4 -2 
77 36 -1 3 9 8 3 6 3 -2 
84 40 0 -4 1 5 2 4 3 -2 
81 39 3 -5 -1 2 3 2 1 -4 
77 39 8 1 3 1 3 3 2 -3 
