64 42 17 9 3 -1 4 6 6 -1 
63 45 16 3 4 0 2 4 5 1 
67 49 16 8 4 3 3 3 0 -5 
72 50 16 11 4 2 6 4 -1 -6 
71 46 16 12 2 0 5 6 2 -1 
66 45 16 9 -2 0 5 5 7 -2 
63 43 18 6 -1 3 8 4 6 -2 
66 42 19 7 4 6 4 4 1 -2 
66 44 17 9 2 10 2 8 4 -5 
64 46 18 9 -2 7 3 10 4 -6 
73 44 9 5 3 2 4 8 0 -6 
75 40 8 3 3 -1 8 6 1 -1 
74 41 14 1 2 2 6 9 3 -1 
75 46 11 0 -1 6 6 9 4 -3 
77 46 9 -1 -4 2 5 6 3 -1 
82 46 13 -2 -3 0 3 1 2 -2 
81 49 15 3 0 -1 1 3 2 -5 
73 51 19 8 3 -3 -3 4 2 -6 
70 49 20 10 1 5 4 1 0 -6 
71 48 18 5 -5 2 4 4 1 -7 
69 49 14 3 -7 -6 1 4 2 -8 
72 53 16 6 -4 -7 1 5 -1 -6 
67 52 21 7 -1 -3 2 6 -3 -7 
61 50 23 16 -1 -1 4 5 -3 -9 
70 49 17 14 -2 -3 0 3 -3 -7 
68 49 16 8 1 -4 -4 1 -4 -7 
63 50 21 12 4 -4 -5 -1 -5 -5 
64 49 23 11 6 0 -5 1 -3 -5 
65 48 24 11 5 -1 -1 7 0 -3 
64 47 22 11 2 -2 -2 4 -1 -4 
