73 40 13 8 1 -3 1 10 4 -6 
74 42 10 10 -4 -2 2 5 2 -6 
71 33 7 5 -4 -2 1 4 1 -5 
73 28 7 1 -5 -3 -1 5 2 -5 
76 32 4 0 -4 4 0 3 4 -5 
78 35 3 2 -4 1 5 3 2 -4 
77 33 3 5 1 -3 3 1 0 -2 
73 31 5 4 2 3 2 2 3 0 
73 37 5 0 -3 3 4 6 5 -1 
73 37 6 1 -2 -1 1 5 2 -4 
75 37 7 0 -1 1 1 6 3 -6 
77 39 9 0 -3 1 3 7 4 -6 
73 46 13 4 -2 -2 2 8 2 -4 
69 46 13 4 -1 0 2 7 6 -2 
65 40 15 8 -4 0 4 2 6 -2 
69 42 21 10 -2 0 1 -3 1 -2 
75 41 13 4 0 1 3 0 2 -2 
70 40 11 5 1 1 7 3 5 -3 
67 40 20 9 -2 -4 3 2 4 -3 
69 41 16 5 0 -5 -4 5 -1 -4 
70 44 9 3 6 -2 -4 4 -2 -5 
65 44 16 7 3 1 2 -1 -2 -3 
63 43 20 10 -1 0 -2 -2 2 -1 
67 40 14 5 -2 -1 -1 2 4 -3 
71 39 15 4 2 0 -2 2 -1 -4 
71 36 19 9 3 1 -5 2 0 -2 
61 40 21 14 7 -1 -7 2 4 3 
53 39 23 15 9 0 -3 -1 2 3 
47 32 21 17 7 3 2 -1 4 0 
41 28 12 19 11 2 -5 2 7 -2 
