69 40 10 1 0 -1 3 4 4 1 
75 37 6 2 4 5 1 3 2 2 
75 40 8 6 -1 8 -1 0 0 1 
72 40 12 9 2 5 4 0 -4 -2 
71 37 11 9 3 5 8 0 -5 -1 
71 40 10 7 1 4 5 -2 0 -1 
76 42 8 3 3 0 7 5 1 -5 
75 37 12 4 0 5 11 7 2 -3 
74 39 12 2 1 11 7 5 4 -2 
77 46 10 1 3 9 4 7 3 -4 
81 47 6 3 2 6 3 8 4 -3 
85 46 6 1 -1 4 1 7 6 -6 
82 49 10 -2 -7 3 3 5 4 -5 
82 50 9 -1 -9 -1 7 6 2 -3 
81 49 10 2 -3 -6 6 9 1 -1 
78 50 13 1 -4 -7 2 11 1 -2 
78 47 14 0 -8 -6 1 8 5 -3 
79 46 14 3 -8 -4 2 5 5 -1 
76 51 16 -2 -8 -3 4 3 5 -1 
75 49 16 2 -8 -6 3 7 5 -2 
76 47 12 3 -8 -5 -2 8 5 -1 
70 49 14 -2 -2 -5 -1 5 7 -2 
68 47 19 3 -2 -5 0 6 7 1 
70 47 18 8 -3 -4 2 7 8 3 
68 46 17 7 -4 -2 7 4 10 1 
67 44 14 8 -4 -3 5 3 10 0 
67 45 12 10 -1 -6 0 4 8 -3 
62 46 16 9 3 -4 0 3 2 -3 
61 41 19 8 9 1 -5 0 -2 -3 
62 41 21 9 11 6 -9 -1 -1 -4 
