0 0 0 0 0 0 0 0 0 0 
0 0 0 0 0 0 0 0 0 0 
0 0 0 0 0 0 0 0 0 0 
0 0 0 0 0 0 0 0 0 0 
0 0 0 0 0 0 0 0 0 0 
10 6 9 5 -11 -9 5 -7 -3 -11 
38 24 12 9 -4 -1 0 -8 -7 -6 
34 31 11 11 2 -2 -3 -5 -5 -3 
32 32 14 12 8 -5 -6 -1 0 -2 
35 24 13 12 11 -2 -7 -4 -1 1 
35 24 11 12 7 -2 -4 -6 0 4 
31 36 17 13 5 -2 -1 1 4 5 
36 40 19 15 8 3 -1 1 2 2 
41 38 21 17 16 10 0 0 2 5 
38 36 21 18 17 8 2 2 3 7 
40 30 15 14 9 2 5 3 1 7 
36 22 10 10 9 0 4 4 5 9 
36 26 12 11 11 1 0 3 4 5 
31 26 10 10 5 1 -3 -4 -1 2 
34 33 19 15 8 9 4 0 5 7 
36 31 20 14 11 12 6 0 4 5 
34 26 16 14 9 7 -4 -1 1 3 
33 25 18 15 5 3 -6 1 -1 3 
35 19 14 13 7 2 -4 1 1 7 
31 17 9 11 9 1 -4 -1 5 5 
28 16 9 10 7 -4 -3 -1 1 -2 
33 25 16 20 14 8 2 3 6 4 
33 32 14 13 13 11 -3 -1 8 11 
29 26 13 7 7 0 -2 0 0 2 
31 26 17 8 7 -2 -1 1 0 -2 
