60 37 6 -1 0 -2 -3 -5 -2 -4 
73 44 8 -4 -2 -1 4 -1 2 -4 
75 43 8 -5 -2 1 9 5 2 -2 
72 37 6 -6 1 3 7 9 6 1 
78 38 7 -1 3 0 0 5 5 -1 
78 43 7 1 3 -1 -2 4 3 -2 
69 45 11 0 2 0 -1 5 1 -1 
71 42 9 -5 -3 3 9 8 -1 -4 
78 47 10 -4 -2 4 9 6 -3 -5 
78 53 12 3 7 0 2 2 -6 -4 
78 57 17 5 5 -1 -3 -3 -3 -3 
78 55 19 3 3 3 -1 -6 1 -2 
76 50 18 8 3 3 0 -2 1 -3 
79 50 19 6 2 2 1 3 0 -7 
80 53 18 4 1 2 2 4 -2 -4 
80 56 19 6 -1 1 2 2 0 -3 
81 54 20 6 -4 2 5 3 5 -6 
82 54 17 4 -1 2 4 4 4 -5 
81 56 19 3 4 2 -1 3 -2 -4 
76 53 20 9 7 3 1 0 -7 -7 
76 48 17 5 3 1 0 1 -4 -8 
71 43 16 5 0 0 -2 4 -1 -7 
67 43 21 12 -1 -3 -1 4 -1 -6 
68 47 28 12 -1 -6 -3 2 1 -6 
72 49 26 5 2 -1 -3 -2 1 -7 
68 50 18 10 3 -2 -4 -1 -1 -4 
68 47 15 8 5 -3 -2 0 -4 -4 
69 42 16 6 6 -2 -1 -1 -3 -6 
68 48 18 12 2 -3 -3 -3 1 -8 
70 59 24 12 0 -6 -4 -3 1 -5 
