34 32 13 13 10 4 0 -2 -2 -4 
33 37 16 13 6 2 3 -2 -6 -5 
36 36 20 15 6 5 2 -3 -6 -2 
40 31 20 9 5 6 -1 -1 -4 2 
31 29 18 8 4 2 -6 -5 -5 -2 
33 34 18 10 7 3 -8 -8 -5 -6 
36 34 18 10 7 3 -4 -4 -4 -2 
36 29 12 9 6 3 0 0 -1 3 
39 27 12 8 7 2 -2 -1 -2 0 
39 34 18 15 12 6 2 0 3 -1 
37 36 20 19 7 4 3 1 3 -2 
34 27 17 16 8 -5 -3 -6 -2 -3 
36 28 16 14 11 -2 -5 -6 2 -3 
43 36 20 19 11 5 1 2 5 -2 
48 39 21 22 14 10 3 1 2 0 
50 38 21 17 14 11 -2 -2 2 -3 
43 34 17 14 11 11 -1 -2 0 -8 
40 34 16 18 12 11 2 -3 -4 -6 
41 31 16 14 10 6 -3 0 -3 -4 
34 27 16 15 6 1 -5 2 1 -5 
35 33 22 19 6 1 -4 -2 -1 -3 
32 38 23 17 6 4 1 -4 -4 -2 
25 35 20 15 5 3 2 -2 0 -1 
34 32 15 7 6 4 -4 -5 -2 -2 
38 32 13 6 5 3 -4 -3 -3 -4 
37 33 21 12 7 3 -2 -1 0 -2 
33 25 24 19 9 1 -3 -1 -1 -3 
30 24 20 17 7 -4 -4 -4 -5 -3 
30 26 17 13 10 0 0 -3 -7 -2 
32 26 19 15 9 3 1 -1 -5 -2 
