80 35 -2 10 8 4 0 2 3 -1 
85 35 -2 0 9 7 -1 1 2 -5 
86 32 1 -5 9 5 -3 4 2 -2 
84 35 8 -6 6 0 0 6 5 2 
80 42 16 1 3 -1 -3 6 3 -1 
76 42 15 6 2 1 0 4 -2 -3 
76 48 17 8 2 2 3 2 -4 -4 
73 44 14 11 6 0 -2 -2 1 -2 
68 44 13 11 2 -3 -6 -5 1 0 
70 50 17 9 -1 0 -3 -4 -2 -2 
75 51 16 6 0 1 -1 -2 1 -1 
75 51 16 3 1 -1 2 0 1 -2 
75 47 16 7 5 2 5 1 4 -1 
78 50 21 8 9 6 8 1 3 -1 
82 48 19 10 11 4 5 6 2 0 
81 45 15 12 7 0 4 6 0 -2 
82 31 2 16 16 6 -2 -5 -3 -3 
80 30 2 16 16 6 -4 -10 -4 -2 
75 43 16 9 6 4 2 -5 -3 -4 
78 41 16 6 7 3 0 -1 0 -5 
85 43 12 7 4 2 -1 2 4 -2 
84 42 14 6 7 3 -1 2 3 0 
77 44 12 5 9 4 -1 0 0 -3 
75 49 11 5 6 5 2 0 1 -4 
72 46 18 8 5 4 5 -2 -2 -2 
71 42 20 7 3 3 3 2 0 1 
71 46 20 4 -3 1 0 2 5 0 
73 52 20 8 0 2 2 3 3 1 
70 50 20 10 9 2 3 5 1 -1 
69 46 19 11 9 5 4 7 5 -2 
