81 56 12 -3 -8 -8 -11 -9 -3 -4 
82 53 13 -2 -9 -6 -7 -9 -3 -3 
78 49 18 -3 -7 -7 -8 -5 -2 -2 
76 52 17 -2 -6 -8 -10 -3 0 -5 
77 49 12 2 -4 -7 -12 -7 -3 -6 
81 48 10 1 -3 -7 -13 -8 -8 -6 
87 50 14 1 -4 -7 -10 -7 -10 -9 
87 48 23 4 -5 -10 -9 -8 -8 -6 
87 53 28 6 -4 -13 -12 -10 -7 -2 
87 56 23 5 -2 -6 -13 -14 -6 -4 
85 57 23 6 -1 -3 -12 -15 -8 -6 
87 60 24 11 -1 -5 -9 -12 -13 -9 
87 58 24 15 0 -5 -5 -13 -14 -9 
79 56 26 15 0 -5 -8 -9 -13 -8 
74 53 26 13 1 -4 -11 -6 -9 -8 
74 49 25 12 0 -2 -8 -7 -7 -10 
70 51 23 11 -1 -1 -9 -8 -8 -12 
67 52 25 12 0 -4 -10 -11 -11 -9 
63 50 24 9 2 -4 -6 -10 -10 -7 
59 41 19 14 6 -1 -3 -7 -6 -6 
54 34 13 15 8 3 -4 -4 -4 -4 
41 29 10 9 4 0 -3 -1 -3 -3 
33 23 12 11 4 3 0 -1 -1 -1 
39 29 14 13 8 5 -5 -3 0 -4 
37 29 15 16 13 6 3 0 -1 -3 
31 27 18 13 11 8 7 2 1 -3 
27 26 13 12 12 6 0 -3 3 -3 
27 26 8 13 7 1 -2 -7 0 0 
28 24 11 10 2 5 -1 -2 0 -2 
34 26 16 15 6 7 0 -1 -1 -3 
