50 36 19 15 14 1 -5 3 2 3 
38 36 15 15 12 5 -1 0 6 3 
27 22 6 7 4 3 1 -3 2 -3 
31 20 8 8 1 6 6 4 0 -2 
38 23 6 9 6 8 8 7 4 4 
39 20 8 6 6 6 7 8 4 6 
34 18 8 2 0 2 2 7 4 5 
31 23 11 2 0 2 -1 2 4 1 
27 23 9 2 4 4 2 -1 0 -2 
23 25 14 0 5 6 4 -4 -3 -4 
26 19 15 10 8 6 0 -2 -1 -2 
34 18 8 14 7 6 0 1 0 1 
35 20 9 14 9 2 -1 1 0 1 
28 22 15 13 13 3 3 -1 -1 -1 
51 35 16 4 10 0 -2 -3 2 0 
52 32 12 11 7 -2 -4 -1 3 -1 
37 26 9 14 11 0 -3 -1 4 -3 
32 22 10 9 8 1 -3 1 2 -1 
24 17 9 5 5 5 3 2 1 1 
27 24 11 6 8 12 7 0 5 6 
28 25 15 10 6 5 6 2 6 1 
31 23 14 11 8 6 4 1 3 -3 
31 23 9 8 9 8 8 -3 0 -2 
28 25 12 8 11 7 6 -4 -4 -3 
33 28 17 12 10 0 0 -3 -1 -1 
38 23 14 12 5 2 4 0 1 0 
55 35 18 10 0 -3 -4 -11 -8 -5 
68 44 14 5 -6 -4 -7 -11 -8 -5 
76 49 13 1 -6 -5 -11 -7 -8 -5 
73 54 23 1 -4 -8 -14 -9 -6 -6 
