55 35 18 10 0 -3 -4 -11 -8 -5 
68 44 14 5 -6 -4 -7 -11 -8 -5 
76 49 13 1 -6 -5 -11 -7 -8 -5 
73 54 23 1 -4 -8 -14 -9 -6 -6 
71 58 34 10 0 -6 -15 -13 -5 -4 
91 53 18 2 1 0 -6 -14 -8 -5 
94 53 16 2 0 -4 -5 -10 -9 -4 
90 57 22 4 -3 -3 -6 -7 -8 -4 
89 55 23 6 -3 -1 -5 -8 -7 -5 
88 55 24 5 -3 -2 -6 -8 -5 -4 
87 55 16 5 -3 2 -6 -7 -6 -6 
85 53 12 3 1 -1 -3 -5 -10 -4 
86 51 16 5 6 -4 -6 -6 -7 -2 
87 50 13 5 3 -2 -8 -7 -6 -3 
84 51 15 2 -1 -3 -7 -6 -5 -1 
72 53 21 2 1 -3 -7 -5 -1 2 
74 48 21 5 0 -4 -4 -2 -4 0 
85 44 14 8 -1 -7 -3 -3 -6 0 
84 47 11 5 0 -5 -5 -3 -5 -3 
81 52 16 0 -2 -5 -3 -4 -5 -2 
79 50 18 4 -2 -7 -3 -3 -2 -3 
78 47 20 3 -3 -1 -6 -4 -2 -5 
73 48 20 1 0 2 -7 -5 -4 -3 
55 41 18 8 7 1 -4 -5 -3 -2 
39 31 15 9 10 4 2 -1 0 1 
35 29 18 12 9 2 5 4 4 5 
33 30 17 17 16 7 5 0 -2 -1 
33 30 15 16 11 7 0 -4 -1 -2 
30 25 13 8 4 4 -3 -4 1 -2 
31 28 16 3 6 9 1 -3 -2 3 
