27 34 15 16 16 9 5 6 4 1 
35 39 21 16 11 11 9 7 2 0 
36 33 27 13 8 12 10 2 4 4 
37 33 29 20 11 7 7 2 6 3 
39 37 24 20 16 3 3 2 2 -1 
45 32 14 16 15 7 7 1 -3 -2 
47 30 13 18 14 12 7 0 2 -1 
43 29 12 17 12 8 1 3 5 0 
47 35 15 17 16 5 4 7 4 2 
46 35 16 18 21 15 11 4 2 1 
52 30 14 18 17 12 5 2 7 3 
56 31 16 14 15 9 3 4 4 3 
55 34 17 17 21 14 10 7 6 3 
49 34 17 22 22 17 11 6 7 3 
50 41 23 20 18 16 10 5 6 6 
50 42 20 20 14 18 15 9 5 4 
47 35 13 18 14 19 13 8 3 1 
49 35 14 18 16 13 8 6 5 4 
49 32 16 16 10 8 2 0 0 -3 
56 33 14 14 8 9 -1 -4 2 -9 
58 29 9 14 14 4 0 1 4 -10 
51 25 3 14 16 5 2 2 2 -5 
50 26 5 12 16 11 0 0 1 -5 
55 25 7 11 18 9 3 1 3 -2 
65 38 14 16 14 2 1 -9 -1 -5 
60 41 21 15 12 2 -4 -7 -1 -3 
51 32 16 6 14 8 1 3 5 0 
52 36 19 6 6 7 -1 -3 2 -3 
54 30 10 9 11 14 1 -5 0 -2 
56 30 7 18 23 17 5 0 1 -3 
