75 14 17 15 3 11 0 -2 0 -7 
71 24 15 12 10 12 -4 -3 -1 -1 
56 -20 13 20 0 11 -2 -4 6 -6 
53 -22 13 18 -1 12 -1 -3 8 -4 
56 -11 17 20 2 13 -1 -4 12 -2 
58 -9 16 22 3 12 -3 -6 11 -3 
63 37 16 11 6 7 1 2 6 5 
59 37 14 13 13 7 6 7 11 7 
61 37 13 9 12 1 6 7 10 10 
62 36 12 5 8 3 3 5 10 9 
57 30 9 5 6 4 -3 3 6 7 
56 35 13 9 7 3 1 2 6 13 
56 39 16 5 2 3 6 4 8 13 
58 45 18 6 4 6 6 10 11 11 
77 57 25 5 1 9 9 6 5 1 
77 51 22 4 4 8 6 4 4 1 
58 34 16 11 9 5 -2 1 2 6 
66 40 21 15 7 3 -3 -6 -3 3 
64 40 20 11 8 5 -4 -8 -5 3 
53 28 12 7 2 4 -2 -2 -2 4 
53 37 17 8 4 6 -2 -1 3 2 
53 38 17 6 7 9 -1 -6 2 0 
53 32 18 9 4 0 -1 -1 1 -1 
49 35 21 8 1 -2 -2 5 4 0 
49 41 24 5 7 10 3 4 5 3 
50 40 26 11 9 8 0 3 3 4 
45 36 27 18 5 4 -4 2 3 5 
47 39 26 23 3 5 0 8 7 7 
49 42 26 17 1 2 3 7 6 8 
50 37 24 9 5 3 4 1 0 5 
