30 27 14 11 5 -2 -2 -3 1 2 
26 24 18 13 3 6 0 -6 1 0 
22 19 22 15 11 12 7 -2 1 0 
29 27 15 5 1 3 7 2 7 5 
32 28 13 8 1 -1 6 5 7 7 
30 27 19 13 8 4 9 8 3 5 
30 32 19 12 8 8 10 8 2 1 
35 31 15 17 11 8 4 4 3 0 
38 29 18 17 8 9 -1 -1 1 0 
35 30 24 14 7 9 2 0 2 0 
28 27 22 14 9 4 4 5 9 6 
33 23 15 10 11 7 -2 0 5 4 
57 42 15 4 -5 -6 -10 -12 -6 1 
65 48 18 12 -1 -11 -11 -10 -7 -2 
64 52 25 18 3 -6 -11 -13 -8 -5 
63 53 29 14 -1 -4 -10 -10 -6 -5 
64 49 29 14 1 -5 -12 -6 -8 -5 
66 51 25 13 0 -6 -9 -7 -5 -3 
68 49 19 9 -2 -7 -6 -8 -4 -5 
62 47 19 6 -7 -6 -7 -6 -5 -2 
59 49 22 7 -2 -1 -8 -7 -1 4 
61 48 17 9 5 -1 -6 -5 3 1 
61 43 15 10 3 -7 -6 -6 1 1 
62 43 20 11 8 -3 -7 -7 -1 1 
63 47 22 12 5 -4 -7 -7 1 1 
65 45 18 13 -3 -8 -6 -9 0 0 
66 45 23 10 -1 -8 -10 -6 -2 -2 
64 47 27 10 -2 -7 -10 -5 -2 -1 
58 45 23 9 -6 -2 -7 -5 -2 2 
59 44 19 7 -7 -4 -10 -7 -2 4 
