22 24 13 13 10 1 -4 3 -2 -5 
16 14 6 7 5 2 -1 1 -1 -3 
23 18 9 7 2 6 3 1 0 -1 
29 25 11 17 7 4 3 2 0 0 
25 22 14 18 7 5 6 3 0 -1 
25 19 17 12 4 6 9 3 1 -3 
27 25 16 8 3 2 2 0 2 -1 
22 26 19 9 4 1 -1 0 7 0 
20 27 18 10 6 5 0 -4 5 0 
21 25 13 9 7 4 0 -2 1 3 
23 24 14 7 9 3 0 0 -1 4 
26 24 16 4 3 5 0 -8 -6 1 
51 38 15 4 -3 -3 -10 -12 -8 -4 
61 45 17 7 -2 -6 -12 -12 -3 -3 
67 45 21 12 1 -6 -13 -16 -4 -3 
67 44 21 14 6 -3 -15 -17 -7 -6 
62 47 21 14 6 -2 -14 -12 -6 -4 
60 34 12 9 0 -3 -4 -4 -2 -3 
62 32 13 7 -1 -4 -4 -4 -1 -2 
64 43 24 8 3 -7 -9 -5 0 1 
61 44 21 10 5 -4 -9 -7 -3 -1 
63 50 21 9 3 -6 -10 -9 -3 -1 
64 52 25 10 2 -5 -5 -9 -2 0 
62 49 23 11 1 1 -7 -11 -2 2 
61 46 19 9 2 -6 -13 -12 -5 2 
65 48 23 7 6 -8 -9 -8 -6 -3 
67 48 21 8 5 -7 -9 -7 -3 -1 
63 45 18 9 1 -6 -8 -8 2 0 
62 43 17 9 5 -3 -7 -9 -5 -3 
62 42 16 7 5 -3 -11 -9 -8 -3 
