21 28 16 15 0 2 4 4 4 -2 
58 44 19 6 -5 -11 -12 -7 -4 -4 
69 50 21 10 -3 -10 -15 -9 -5 -3 
69 52 22 8 -1 -8 -13 -7 -5 -2 
70 47 18 4 0 -6 -11 -8 0 -1 
70 50 21 7 -2 -6 -12 -11 1 0 
69 55 25 8 -1 -10 -11 -6 0 -1 
71 48 19 5 3 -6 -11 -5 4 1 
70 45 18 5 0 -1 -11 -5 5 4 
68 51 22 7 -1 -3 -11 -7 1 5 
65 50 21 9 4 -2 -14 -8 0 5 
62 48 21 11 5 -1 -11 -13 -6 -2 
67 55 26 11 3 -3 -8 -13 -9 -6 
71 52 21 13 3 -6 -9 -13 -7 -4 
74 53 23 12 4 -5 -9 -12 -5 -2 
90 49 14 7 6 -2 -10 -7 0 1 
91 45 9 10 4 -3 -8 -4 -1 3 
88 46 11 8 0 -3 -6 -5 -1 2 
90 42 5 1 -2 -3 -8 -5 1 2 
97 45 6 3 1 -8 -14 -10 -3 -1 
98 46 6 5 5 -8 -16 -10 -3 -2 
98 43 1 0 1 -10 -13 -8 1 2 
101 42 0 -2 -3 -9 -10 -9 2 0 
104 47 6 1 -1 -5 -9 -9 -1 -6 
95 52 16 5 1 -3 -8 -11 -7 -8 
93 55 24 9 -3 -7 -10 -8 -2 -2 
102 55 18 0 -3 -7 -10 -5 -4 1 
99 58 16 -1 -2 -6 -10 -5 -6 -2 
89 59 26 14 4 2 -11 -16 -9 -7 
89 58 26 17 6 2 -11 -20 -12 -4 
