25 26 19 15 8 8 5 -2 7 -1 
30 30 22 15 12 8 4 4 5 4 
31 33 22 16 10 4 5 5 6 7 
30 24 11 6 3 1 1 2 3 7 
27 16 4 7 3 -2 3 3 1 3 
17 11 7 6 4 2 3 3 2 -3 
19 18 17 8 11 11 6 4 4 2 
24 23 15 11 13 8 5 2 4 3 
29 31 15 15 13 7 3 5 2 -2 
28 26 17 17 10 6 4 4 0 -1 
33 18 14 14 7 3 1 -1 2 0 
60 42 27 14 -1 -5 -9 -7 -3 -1 
69 50 27 15 2 -7 -9 -5 -3 0 
77 54 22 5 2 -11 -10 -3 1 0 
83 60 23 -2 -7 -9 -4 -1 -2 -4 
90 60 16 0 -5 -3 -6 -2 -3 -1 
91 62 16 -2 -3 -3 -8 -2 -3 0 
94 60 15 -1 0 -5 -9 -7 -5 0 
97 55 11 -1 -3 -7 -10 -8 -5 -4 
99 48 4 -1 -6 -7 -11 -8 -4 -6 
103 48 4 2 -5 -7 -9 -7 -3 -1 
98 53 7 5 -2 -7 -8 -9 0 2 
92 53 6 3 3 -5 -9 -9 -1 5 
91 44 7 -2 -1 -5 -9 -4 -3 7 
29 -4 -12 -8 -6 -6 -4 -4 -1 -1 
0 0 0 0 0 0 0 0 0 0 
0 0 0 0 0 0 0 0 0 0 
0 0 0 0 0 0 0 0 0 0 
0 0 0 0 0 0 0 0 0 0 
0 0 0 0 0 0 0 0 0 0 
