29 29 17 13 6 7 10 1 0 1 
34 30 18 14 5 6 10 3 1 6 
31 28 18 15 3 5 7 2 3 6 
27 20 8 13 6 5 -1 -4 0 2 
26 17 6 13 10 4 7 3 0 1 
24 16 11 11 4 5 8 5 1 -1 
23 22 12 10 7 9 5 5 8 1 
23 23 12 7 9 7 4 5 8 5 
31 26 13 9 5 2 0 2 2 5 
81 41 18 18 4 -11 -11 -1 -2 -4 
90 41 16 18 6 -12 -12 0 0 -5 
90 44 16 16 6 -9 -10 -3 1 -5 
87 48 19 15 4 -4 -3 -5 -1 -5 
81 47 20 17 7 -6 -4 -3 -2 -4 
78 46 21 14 7 -6 -5 -2 0 -4 
79 45 19 14 4 -4 -4 2 2 -8 
77 43 19 13 4 -4 -4 5 3 -9 
73 45 18 14 6 -4 -5 5 2 -7 
68 42 18 16 8 -4 -4 1 1 -4 
69 41 21 14 9 -3 -3 0 5 -2 
66 45 27 16 7 -3 -3 0 5 -2 
58 47 32 20 9 0 -2 1 0 -5 
53 48 30 21 12 1 -2 0 -2 -4 
53 46 30 22 10 5 3 0 -2 -6 
54 46 28 20 8 9 3 6 0 -6 
55 48 21 15 10 8 2 7 3 -3 
52 42 18 17 16 3 2 7 6 2 
44 35 21 17 17 6 5 9 6 3 
31 28 18 9 11 9 5 7 0 -2 
24 31 17 10 13 11 3 0 -2 0 
