0 0 0 0 0 0 0 0 0 0 
0 0 0 0 0 0 0 0 0 0 
0 0 0 0 0 0 0 0 0 0 
0 0 0 0 0 0 0 0 0 0 
0 0 0 0 0 0 0 0 0 0 
0 0 0 0 0 0 0 0 0 0 
0 0 0 0 0 0 0 0 0 0 
0 0 0 0 0 0 0 0 0 0 
0 0 0 0 0 0 0 0 0 0 
0 0 0 0 0 0 0 0 0 0 
88 34 29 15 4 -2 -3 -2 -3 -4 
98 50 32 15 1 -8 -12 -11 -10 -7 
98 55 31 11 -1 -13 -18 -16 -14 -8 
100 55 33 10 -3 -17 -22 -20 -19 -12 
109 57 37 9 -7 -21 -22 -17 -18 -12 
107 56 34 3 -7 -27 -22 -19 -20 -13 
97 55 34 7 -2 -21 -21 -19 -21 -12 
84 51 33 9 -2 -23 -18 -18 -19 -16 
80 48 30 8 -3 -23 -18 -19 -19 -17 
96 49 33 12 -3 -19 -21 -17 -20 -14 
109 48 40 13 -7 -24 -23 -14 -19 -15 
110 51 39 7 -6 -25 -19 -17 -21 -11 
100 52 40 5 -4 -18 -17 -17 -22 -9 
92 49 41 10 -5 -15 -15 -19 -22 -10 
84 50 42 2 -3 -20 -17 -14 -22 -7 
87 52 40 -1 -3 -23 -19 -13 -21 -8 
97 51 38 4 -4 -27 -19 -18 -22 -11 
98 42 42 5 -8 -31 -20 -15 -24 -11 
95 42 34 8 -13 -26 -21 -16 -20 -12 
86 42 31 4 -8 -24 -21 -17 -22 -12 
