90 51 24 12 6 -4 -11 -4 -4 -2 
91 56 22 14 8 -11 -13 -2 -1 -1 
90 55 18 15 5 -13 -8 -5 3 -1 
86 56 24 12 3 -11 -12 -4 8 -4 
88 52 21 10 6 -5 -13 -7 4 -2 
81 46 17 11 6 -4 -11 -7 1 -1 
54 34 18 11 6 1 0 3 0 -6 
47 35 23 9 3 2 5 1 -2 -4 
35 39 29 19 6 4 1 -1 0 1 
37 37 23 17 6 5 -3 -1 0 0 
46 29 16 11 5 2 -1 5 6 1 
50 25 5 5 9 10 5 10 2 3 
54 19 -5 3 4 3 8 17 2 -2 
56 17 -10 -7 -3 -2 10 19 7 -4 
73 22 -7 -5 6 -1 4 12 1 -10 
76 19 -7 -2 2 2 3 9 1 -12 
62 18 -11 -6 -3 6 8 14 9 -3 
59 21 -4 -1 -1 2 7 11 4 1 
60 21 2 2 1 -1 7 12 4 3 
63 23 0 1 2 0 6 10 3 -1 
56 23 -1 -6 -6 0 6 10 3 1 
46 19 -8 -10 -7 -1 8 13 4 -2 
51 25 -5 -8 -8 -4 6 10 -1 -4 
50 28 2 -1 -5 -2 5 6 2 -1 
42 24 6 4 -1 3 3 7 5 -2 
36 22 9 0 -2 0 2 5 1 -3 
35 22 13 3 0 -2 0 2 2 -2 
40 27 9 3 0 -1 0 4 8 1 
39 30 8 3 0 0 4 3 5 -1 
37 35 13 10 5 2 7 5 2 -2 
