54 33 15 5 1 4 -1 -3 0 1 
40 32 19 7 0 3 7 6 2 4 
58 32 7 4 0 -6 -11 -7 0 1 
65 32 1 -7 -9 -13 -14 -9 -3 -4 
71 38 4 -7 -9 -13 -9 -4 -1 -3 
74 35 2 -7 -9 -10 -8 -7 0 -3 
72 35 1 -8 -12 -9 -13 -11 -2 -3 
72 39 4 -5 -3 -9 -15 -9 -4 -2 
74 34 3 -5 -2 -9 -11 -7 -1 -4 
75 31 0 -7 -8 -8 -12 -11 -2 -5 
76 37 0 -10 -11 -7 -11 -13 -5 -4 
78 43 1 -10 -13 -7 -7 -7 -6 -6 
77 38 -1 -7 -4 -6 -8 -5 -6 -7 
78 36 4 -2 0 -4 -11 -6 -5 -8 
85 38 4 -3 -3 -5 -15 -7 -1 -3 
84 43 1 -4 -3 -12 -18 -10 0 5 
76 40 1 -6 -5 -13 -15 -8 0 4 
76 29 -6 -10 2 -3 -8 -7 -3 -3 
88 32 -10 -12 -3 -6 -9 -2 -1 0 
87 35 -2 -9 -7 -6 -9 0 3 1 
88 44 9 -6 -13 -6 -5 -1 6 -2 
86 46 9 -6 -15 -10 -1 0 4 -2 
80 45 11 -4 -11 -11 -7 -1 2 0 
73 46 14 1 -4 -7 -13 -6 2 7 
72 45 7 -3 -2 -10 -9 -4 2 5 
77 45 2 -7 -1 -8 -4 -1 0 2 
77 45 4 -7 -1 -2 -3 1 -2 1 
71 45 8 -3 -3 -3 -3 -3 -4 -1 
68 48 14 3 -2 -5 -7 -1 1 1 
56 45 17 8 0 -6 -6 0 5 1 
