30 21 19 6 3 3 9 7 6 1 
34 29 23 11 5 6 9 2 2 -3 
39 28 13 8 4 5 7 3 4 -2 
44 23 8 5 1 3 2 0 2 -2 
41 29 15 12 5 4 2 -1 2 -4 
30 33 19 17 9 5 2 0 4 -2 
25 27 12 10 9 7 4 7 3 2 
26 22 12 11 10 5 1 7 5 1 
22 21 15 14 10 2 3 7 4 2 
20 22 13 12 13 2 10 7 1 2 
21 25 12 8 10 6 8 0 4 4 
18 20 13 12 8 7 3 0 5 4 
24 23 13 10 7 11 13 9 3 4 
28 24 20 16 10 9 12 11 5 2 
37 26 24 20 12 9 9 10 9 7 
37 32 15 15 13 10 12 9 9 9 
26 29 11 17 14 8 10 10 6 6 
20 28 16 16 15 7 4 5 6 7 
24 30 18 11 13 8 6 3 6 6 
26 26 14 10 8 8 6 2 3 -1 
27 24 14 12 10 5 4 2 2 3 
34 29 21 14 12 3 1 2 2 6 
40 42 23 15 12 6 3 4 4 0 
35 39 24 16 15 7 7 5 3 0 
30 32 18 13 13 7 4 5 3 2 
32 26 10 4 0 5 0 0 2 2 
24 23 10 5 -1 3 4 -1 1 3 
29 33 21 13 9 7 4 0 -4 -2 
42 32 18 13 11 5 0 2 0 1 
32 23 13 11 10 2 5 4 8 7 
