24 24 11 14 9 5 7 5 6 5 
28 22 7 13 7 6 8 4 5 2 
23 23 6 13 10 4 7 5 7 4 
22 26 11 11 10 2 4 4 6 5 
19 26 13 9 13 5 0 4 1 -1 
16 22 8 10 15 5 6 9 3 -1 
19 22 8 14 9 4 5 8 4 0 
23 22 8 15 8 5 1 5 8 5 
25 19 8 8 7 8 4 3 5 6 
26 27 21 8 7 16 6 2 2 3 
28 33 26 11 7 12 3 0 3 1 
28 25 20 15 9 3 1 3 1 0 
23 18 15 13 6 2 2 6 3 6 
34 28 19 17 11 7 7 6 8 6 
31 28 20 20 16 8 6 10 6 4 
31 30 24 18 14 7 6 11 6 3 
31 32 25 17 11 6 8 7 5 5 
19 22 15 11 11 4 4 2 0 3 
22 22 16 14 10 3 6 4 5 7 
30 23 19 14 8 4 8 5 7 9 
29 24 18 11 10 8 5 4 7 8 
29 23 13 13 9 9 5 9 10 6 
34 27 13 10 12 10 5 11 8 2 
29 23 18 12 9 13 7 4 7 5 
27 23 18 20 10 8 7 2 8 5 
27 27 10 11 8 3 0 -1 4 -1 
23 26 11 5 1 5 1 -2 5 1 
20 16 5 7 4 9 5 2 7 3 
29 20 10 10 10 10 5 6 7 3 
34 23 17 10 9 7 3 9 9 3 
