74 42 12 1 3 -4 -2 5 3 3 
80 47 10 2 2 0 -2 5 2 3 
77 42 11 4 3 2 -1 1 5 0 
69 41 15 10 7 0 3 2 3 -5 
71 48 12 12 2 -1 4 4 2 -8 
74 51 16 7 0 4 2 3 -2 -6 
77 52 16 4 4 4 1 2 -1 -3 
77 48 15 6 2 0 1 2 3 -2 
76 44 15 8 4 -1 -1 2 3 -1 
78 45 13 9 7 2 -2 2 3 -1 
77 48 13 4 1 0 0 5 2 0 
80 50 9 2 3 0 2 4 -1 -1 
83 49 9 3 3 2 4 5 -1 -3 
79 49 14 3 -2 3 5 7 1 -3 
71 53 20 5 0 4 2 2 -2 -3 
69 52 20 13 8 5 0 0 0 -5 
75 53 13 13 7 5 0 -2 2 -4 
75 49 16 10 7 4 -1 1 -1 -4 
74 49 18 7 8 0 -1 2 0 -6 
75 50 15 4 7 4 0 1 -1 -6 
73 49 20 9 4 4 2 1 -1 -6 
71 49 25 16 4 1 1 -4 -2 -7 
73 48 22 17 7 2 0 -4 1 -7 
71 51 22 18 6 1 -3 1 0 -6 
68 50 20 16 7 -1 -2 2 -3 -8 
70 50 20 9 8 0 -2 2 0 -5 
69 45 23 11 5 0 -3 2 -3 -5 
67 43 23 20 7 3 1 3 -4 -9 
70 49 22 18 5 -3 1 3 -3 -8 
64 45 26 16 9 -1 -1 -3 -2 -8 
