43 38 21 19 11 0 -6 -8 -4 -5 
45 38 25 17 11 1 -2 -6 -5 -7 
44 36 24 16 12 -4 -7 -2 -1 -7 
52 42 21 16 10 -2 -6 -2 -2 -5 
70 49 19 14 2 0 -5 -2 1 -4 
77 52 20 12 -2 0 -4 -2 3 -6 
70 57 26 11 1 -2 1 -2 -1 -4 
68 51 23 9 4 2 4 -1 -1 -3 
66 41 13 6 1 0 -3 2 3 -3 
61 40 17 6 -2 -1 -5 -2 4 -3 
65 46 15 -1 -7 -1 -2 0 3 -2 
73 52 12 0 1 -3 -2 2 0 2 
74 48 12 6 3 -3 -2 -4 -1 1 
77 46 15 10 6 2 -1 -5 -3 -2 
76 45 17 16 10 1 -2 -4 -5 -2 
72 45 17 16 7 -1 4 2 -1 -2 
74 46 17 10 3 0 6 7 1 -2 
72 44 16 8 0 -1 5 9 4 -2 
69 43 14 4 -4 2 8 6 6 -2 
74 47 16 5 -2 3 7 -2 1 -2 
76 48 19 9 3 1 5 -3 -2 -4 
74 46 18 7 4 4 -1 -1 1 -4 
63 39 17 11 4 10 3 2 3 -3 
60 44 21 14 7 9 3 2 0 -4 
62 42 18 10 6 7 5 4 -1 -2 
63 41 17 6 5 4 5 2 3 -3 
59 42 21 11 8 4 0 3 5 -6 
57 39 20 14 8 9 4 4 1 -6 
59 46 16 12 8 8 4 1 -1 -5 
63 47 20 11 9 6 -2 -1 -2 -9 
