28 23 18 23 13 10 6 8 9 7 
27 21 15 13 13 6 3 8 9 8 
29 21 17 10 4 5 3 4 3 5 
40 20 14 8 -2 3 6 6 4 5 
44 19 10 2 5 2 8 5 5 4 
54 33 14 7 4 3 2 4 2 0 
75 50 20 9 -4 1 0 5 1 -4 
78 52 26 9 -2 -2 -1 3 1 -5 
71 46 28 13 1 -4 -4 1 0 -2 
64 37 19 12 0 -6 -3 2 1 0 
69 40 17 8 4 -8 -4 4 3 1 
75 39 14 11 8 -8 -4 6 1 -1 
73 39 14 17 6 -1 -4 3 2 -2 
71 44 19 12 5 -1 -3 0 2 -2 
70 47 21 9 5 -5 -4 1 0 -3 
75 44 16 5 4 1 -1 8 2 -5 
79 41 12 6 1 2 3 8 4 -6 
83 42 13 4 4 0 2 7 4 -5 
76 44 12 8 9 -2 4 5 4 -3 
75 46 7 16 11 0 7 3 0 -2 
74 44 14 11 9 6 2 5 2 -6 
71 46 22 2 6 6 4 7 4 -8 
74 45 24 4 3 6 6 7 0 -6 
73 44 19 12 7 2 3 5 1 -4 
71 43 17 17 11 1 2 3 -1 -4 
66 43 21 19 11 1 -1 -1 -3 -5 
65 44 20 18 9 1 -2 0 -4 -6 
66 42 19 13 5 -1 1 0 -4 -5 
64 43 19 11 1 -4 1 3 -1 -2 
63 45 22 11 1 -2 -1 5 4 -2 
