37 31 14 5 7 9 7 4 1 5 
36 33 16 8 10 11 5 3 1 0 
37 34 20 16 11 10 5 4 0 -3 
39 34 16 19 13 13 6 3 0 0 
40 34 16 16 9 11 5 2 1 3 
39 30 17 13 10 8 7 5 6 5 
34 29 13 14 14 12 6 9 11 7 
35 31 11 13 7 8 1 2 5 1 
33 32 12 12 10 4 3 -2 2 1 
33 27 16 11 11 5 3 0 1 3 
32 25 15 8 13 8 4 4 3 1 
30 26 12 6 10 8 7 7 7 1 
46 36 25 7 5 6 1 4 4 -1 
67 46 22 3 1 4 -5 0 0 -2 
79 55 23 6 -1 0 -2 0 -2 -3 
76 61 28 9 1 -3 1 1 2 -5 
66 59 25 9 4 0 -1 -1 3 -1 
58 47 20 8 3 1 -2 1 -1 2 
62 39 20 10 5 2 -1 5 0 -1 
70 43 20 10 5 0 -3 4 -1 -4 
70 36 15 7 3 2 2 3 -1 -4 
66 35 13 5 4 0 3 2 0 -2 
65 50 18 3 7 1 2 -2 1 -1 
69 44 16 4 4 3 6 4 2 -3 
75 44 11 1 3 4 6 5 0 -3 
75 47 13 -1 6 3 5 4 -1 -4 
70 50 19 1 1 3 1 2 0 -1 
69 47 16 4 -3 0 1 -1 -5 -1 
72 43 18 7 1 -2 -1 1 -2 -3 
73 44 19 6 0 0 1 4 3 -4 
