27 16 13 9 4 4 8 3 0 1 
26 18 14 3 4 6 6 1 -1 4 
29 30 18 9 8 10 8 5 5 7 
30 30 19 13 6 9 9 8 5 3 
35 24 15 8 2 8 5 4 4 3 
36 26 14 6 4 4 9 4 1 4 
27 24 17 14 10 3 6 4 1 2 
29 28 19 14 11 2 3 7 11 10 
27 27 19 12 7 8 5 9 14 9 
24 22 18 17 11 16 4 5 7 3 
22 25 20 19 15 12 6 4 5 6 
26 23 14 12 10 7 1 1 4 4 
31 22 7 9 9 7 2 3 5 3 
33 29 10 16 15 3 3 10 11 9 
34 27 14 20 17 3 2 8 10 9 
28 26 17 19 15 8 6 9 11 10 
29 24 18 16 12 9 4 9 13 12 
24 19 16 12 10 5 0 2 9 7 
23 21 11 14 10 7 0 0 5 4 
30 24 10 12 3 8 5 -1 6 6 
31 18 13 8 1 6 4 -1 5 3 
29 17 6 3 -1 4 3 2 3 -1 
30 29 13 2 2 3 4 4 4 2 
27 29 21 9 1 0 2 4 2 1 
26 20 17 11 -3 1 3 4 2 0 
28 21 19 13 1 4 3 5 4 4 
29 21 13 10 7 3 -1 6 4 7 
26 21 12 6 5 1 0 2 2 7 
24 21 16 13 5 2 2 0 -1 4 
37 21 4 12 16 9 9 1 -2 1 
