61 36 15 4 5 -1 -1 0 3 2 
67 38 12 7 5 3 1 1 4 6 
70 43 11 4 5 1 2 3 8 2 
72 44 11 3 -2 0 -3 2 5 -1 
72 41 12 8 1 1 -9 -2 2 4 
72 40 14 7 5 -3 -7 -3 6 9 
77 40 11 5 4 -3 -4 -6 3 8 
77 40 11 8 4 -3 -6 -9 -1 6 
73 45 15 11 4 -5 -8 -6 1 5 
73 47 17 10 5 -5 -9 -4 3 4 
72 46 20 11 3 -3 -10 -2 3 6 
70 43 15 10 3 -1 -7 0 5 4 
73 41 11 10 1 -5 -8 -1 6 -1 
80 41 7 9 -2 -5 -7 -2 2 -2 
84 44 3 4 4 -5 -6 -1 -2 1 
84 50 9 2 4 -1 -6 -4 -2 3 
79 55 20 5 -2 -3 -6 -3 -3 1 
74 49 21 7 -2 -2 -5 -1 -1 2 
75 44 14 3 2 6 5 1 0 0 
77 49 13 2 2 0 5 1 1 -2 
74 51 15 2 4 -1 0 1 1 0 
73 41 12 4 4 1 2 0 2 3 
70 37 6 8 3 4 4 3 7 5 
66 41 8 4 5 5 1 7 6 5 
65 42 9 -2 2 0 1 7 7 4 
67 45 9 2 4 -3 0 7 7 1 
64 47 15 7 6 1 -2 3 5 1 
67 43 15 5 5 7 3 3 7 6 
57 40 12 3 5 7 5 5 6 9 
40 39 15 9 8 9 3 1 1 5 
