23 23 15 3 6 12 -1 2 5 2 
28 26 14 5 9 12 1 4 1 4 
31 20 10 10 15 10 0 4 1 5 
26 14 13 13 13 9 -1 1 3 6 
32 23 15 15 11 9 3 4 6 5 
31 25 20 12 8 13 7 7 6 2 
33 29 23 14 10 18 11 7 7 2 
36 36 18 10 11 13 10 7 6 3 
33 30 10 3 5 5 2 2 2 3 
44 37 13 11 5 8 2 3 7 2 
61 41 11 7 -2 3 2 3 8 2 
75 43 11 4 0 3 1 0 8 6 
82 48 13 8 -1 2 -6 0 8 8 
83 49 13 9 -3 -5 -8 1 7 9 
83 47 12 5 -3 -4 -6 1 4 6 
81 48 15 6 1 -6 -8 2 2 5 
78 52 18 4 4 -11 -9 0 4 6 
79 53 13 2 3 -5 -4 1 5 3 
79 53 14 6 -3 -3 0 -2 5 3 
78 46 17 6 0 -3 1 0 6 4 
76 41 17 4 6 1 0 1 3 4 
80 43 19 6 6 1 -2 5 5 4 
79 45 15 9 7 1 -2 4 2 0 
80 52 15 7 2 1 2 1 2 0 
79 46 17 6 1 -1 -2 1 5 5 
76 44 15 6 3 1 -1 2 5 4 
74 46 15 4 4 1 -2 4 6 3 
63 42 12 1 6 -3 -6 3 6 5 
55 31 10 8 10 2 0 -1 2 6 
55 26 11 15 11 7 2 -3 2 3 
