42 21 4 15 13 3 -8 -7 -5 -1 
38 19 -1 13 18 5 -10 -7 -7 -4 
34 9 -2 8 15 4 -9 -4 -1 -1 
34 11 0 10 15 1 -9 -4 -1 1 
42 26 6 16 17 2 -2 -5 -3 0 
46 23 9 13 15 2 -2 -6 -2 0 
49 20 8 14 11 0 -2 -1 1 1 
47 18 3 13 15 5 -1 1 0 0 
38 12 2 8 14 7 -2 -1 -3 -1 
49 24 14 15 13 7 0 4 1 5 
46 27 13 16 12 12 -1 -1 0 4 
36 23 10 16 15 11 -4 -8 1 -2 
45 24 10 19 20 8 -1 -2 5 -2 
47 26 11 19 19 6 -5 1 2 2 
42 24 14 21 18 9 -3 2 5 9 
49 25 9 22 20 10 -2 -2 7 8 
51 27 4 18 22 8 -5 -4 7 7 
46 22 3 17 22 8 -2 2 4 9 
44 18 6 17 17 11 2 4 6 10 
46 21 15 19 14 10 2 4 5 7 
42 23 10 16 14 7 1 4 3 7 
38 20 7 11 12 5 -7 -2 4 5 
39 23 12 13 11 9 -6 -5 4 4 
37 18 5 9 5 7 -2 1 3 5 
46 8 -10 -3 4 6 -2 2 1 0 
53 16 -3 1 11 12 2 6 4 3 
40 27 17 14 19 12 0 3 3 1 
41 25 11 13 11 -2 -8 -3 0 2 
45 25 13 13 9 -4 -7 -4 -1 2 
42 18 8 8 8 -1 -3 1 -3 -4 
