61 0 24 -2 1 -1 -2 3 0 1 
68 9 27 3 10 -5 -5 0 3 2 
71 14 26 2 14 -5 -3 -2 3 0 
67 11 24 2 10 -4 -3 -1 -1 1 
67 9 25 6 9 -3 2 2 -1 0 
65 8 27 7 5 -4 3 3 1 -3 
60 2 22 0 9 -2 -5 -2 -7 -5 
60 6 30 -2 10 0 -4 -3 -9 1 
56 7 34 -1 4 -4 -3 1 -4 0 
70 6 29 -7 5 -2 -3 2 -3 -4 
71 2 29 -8 6 3 -8 2 -2 -5 
61 -7 26 -9 7 2 -6 2 -3 -2 
120 45 32 -2 -5 -16 -14 -3 -5 -1 
125 60 24 1 2 -6 -6 1 -1 -1 
127 60 23 1 6 -4 -5 4 0 -2 
127 58 29 -1 15 -10 -7 11 -1 -1 
127 58 29 6 17 -10 -7 9 -1 -2 
127 58 14 2 13 -2 -4 2 2 -3 
127 59 17 -6 17 -4 -4 3 1 0 
125 56 28 -3 19 -8 -4 7 -1 0 
120 60 26 -9 19 -9 -1 12 -3 1 
123 68 21 -18 14 -11 -5 13 4 4 
127 65 21 -14 5 -11 0 12 6 1 
127 60 20 -13 5 -6 6 6 2 3 
127 61 26 -19 7 -1 1 6 3 4 
127 62 24 -20 11 -2 -2 9 0 1 
127 55 15 -17 9 -1 -1 6 -2 3 
127 50 15 -15 10 1 -3 5 -2 4 
127 50 21 -12 9 -1 -4 9 0 6 
125 54 17 -9 -1 -4 0 8 5 4 
