120 52 2 -4 0 -6 -9 -6 5 6 
123 52 0 -6 -2 -5 -9 -1 6 4 
126 53 1 -8 -1 -6 -10 -1 9 5 
124 53 2 -6 -1 -7 -13 0 10 6 
122 51 1 -5 -4 -7 -13 0 9 7 
122 49 -3 -7 -4 -5 -10 -2 7 7 
125 46 -7 -11 -4 -9 -9 -5 6 9 
125 43 -12 -14 -1 -13 -10 -4 7 10 
121 46 -16 -11 3 -8 -9 2 8 5 
120 44 -14 -11 1 -3 -7 1 9 2 
123 45 -12 -9 1 -4 -6 -3 11 4 
121 45 -12 -7 -1 -3 -7 -2 13 5 
117 41 -11 -9 -4 0 -8 0 13 5 
119 48 -2 -6 -8 -3 -7 -2 8 5 
110 53 7 -2 -4 -5 -6 -3 5 4 
100 54 10 -3 -3 -5 -4 -5 3 7 
87 49 12 -2 -7 -8 -6 -3 5 7 
56 39 18 13 3 -3 -5 -2 2 1 
45 40 25 17 1 -5 -3 -2 4 4 
33 29 20 12 6 4 2 -2 2 0 
31 23 18 11 14 9 4 -1 1 -2 
35 25 20 13 10 5 0 1 2 0 
29 24 16 10 3 7 4 3 2 0 
24 25 13 13 7 7 9 0 2 1 
21 24 13 14 12 7 8 -4 2 2 
33 19 10 11 12 1 -3 -2 1 5 
38 20 11 10 10 1 -1 1 1 6 
30 22 14 8 4 3 3 3 5 2 
31 27 14 13 11 6 5 6 9 6 
41 31 16 12 8 4 7 9 6 6 
