22 23 13 10 4 3 3 1 3 1 
25 24 13 16 7 6 1 3 6 2 
63 40 14 4 -4 -3 -1 7 8 5 
72 45 15 3 1 -3 1 3 7 4 
66 44 13 9 6 -3 0 0 5 -1 
59 45 17 13 8 -3 -3 -3 -2 -3 
76 49 13 1 -5 -9 -3 1 2 1 
82 52 15 -7 -14 -10 -2 3 3 2 
86 53 13 -11 -14 -6 -1 4 5 3 
85 50 10 -9 -11 -5 -2 3 8 -2 
80 51 12 -6 -8 -5 -2 3 8 -2 
73 50 14 -5 -3 -3 -1 0 4 1 
90 50 7 -9 -8 -10 -5 2 5 2 
93 51 6 -9 -9 -13 -7 4 7 1 
89 56 5 -8 -7 -11 -7 3 7 -3 
89 57 10 -4 -11 -9 -2 1 3 0 
84 53 19 -1 -13 -10 -3 3 1 0 
82 53 17 0 -9 -10 -6 -1 0 0 
85 54 11 4 -10 -13 -7 -3 4 1 
86 54 10 3 -13 -10 -9 -3 4 -2 
86 52 11 -2 -12 -10 -13 -2 3 -2 
85 50 17 -4 -11 -14 -11 -2 5 2 
87 53 17 -4 -11 -15 -10 0 5 0 
88 52 14 -3 -11 -16 -10 1 2 0 
87 55 18 -3 -15 -16 -9 1 2 0 
92 57 16 -3 -16 -12 -11 -1 4 -1 
95 53 11 -4 -11 -13 -12 -2 4 2 
97 54 12 -6 -9 -15 -12 -3 6 4 
97 57 15 -3 -11 -15 -11 -1 6 4 
98 55 13 -1 -8 -16 -9 4 3 2 
