23 21 18 11 10 6 5 7 3 5 
23 20 7 8 6 7 7 2 3 4 
20 21 11 4 6 7 9 6 4 5 
24 25 16 6 8 7 6 0 0 3 
30 28 18 14 11 7 7 0 6 7 
27 30 21 17 7 5 7 4 10 8 
19 19 16 13 5 5 7 5 6 3 
24 19 17 14 9 8 7 7 5 3 
26 20 24 19 9 7 7 7 3 4 
26 17 22 20 8 6 8 8 6 3 
28 15 12 11 4 7 7 2 5 4 
23 14 11 9 5 6 6 6 2 4 
22 18 10 5 6 2 5 6 -1 1 
60 43 12 1 -4 -7 4 3 3 0 
77 51 15 3 -6 -4 1 7 6 2 
78 52 17 2 -3 -1 -2 4 7 6 
73 51 20 2 -4 -5 -2 0 7 6 
75 48 20 -1 -6 -8 -1 1 9 4 
81 51 16 -2 -8 -5 -2 5 10 3 
86 50 12 -6 -11 -3 -2 8 7 -1 
89 46 9 -11 -9 -3 -3 2 6 0 
95 56 14 -5 -7 -9 -6 2 6 -2 
96 61 18 1 -8 -11 -6 3 5 2 
94 60 17 -1 -9 -7 -1 1 2 3 
95 62 17 -5 -14 -12 1 5 2 -1 
98 61 17 -5 -15 -15 -2 5 4 1 
102 58 13 -4 -12 -12 -4 1 3 3 
103 57 12 -4 -12 -9 -6 0 4 1 
101 57 11 -3 -4 -12 -8 -1 7 1 
103 55 11 -4 -4 -10 -7 -3 6 2 
