39 36 18 19 17 9 5 2 -1 0 
40 36 21 21 21 11 3 4 1 2 
35 29 15 16 18 11 4 8 7 6 
31 30 21 11 12 7 4 7 7 5 
26 25 18 8 9 7 4 5 3 3 
32 28 15 15 10 13 8 10 11 7 
36 28 18 17 8 12 9 11 10 7 
37 28 13 13 8 11 10 12 5 6 
31 25 6 7 8 9 7 10 7 7 
67 38 7 4 -3 -3 -4 1 0 0 
78 48 8 1 -8 -6 -4 3 2 1 
80 57 19 -1 -10 -8 -4 2 5 1 
82 54 23 2 -6 -9 -5 1 3 0 
78 58 23 2 -6 -13 -6 -1 3 1 
77 59 23 5 -6 -15 -11 -5 2 2 
79 57 21 7 -5 -15 -13 -7 1 3 
82 58 21 5 -1 -12 -12 -7 0 3 
82 55 25 9 -1 -12 -7 -7 -4 2 
81 56 24 11 -4 -12 -8 -9 1 4 
86 56 21 8 -9 -7 -6 -5 1 4 
91 55 23 7 -12 -9 -6 0 3 2 
90 57 19 3 -6 -10 -7 -3 3 2 
88 57 21 3 -7 -9 -8 -4 1 3 
89 55 22 3 -8 -9 -9 -6 2 3 
86 57 18 3 -5 -11 -10 -5 4 1 
87 55 14 3 -3 -14 -11 2 3 -2 
94 54 11 1 -5 -12 -6 0 2 1 
98 58 10 0 -6 -9 -3 -3 1 4 
98 59 13 0 -7 -8 -5 0 1 2 
96 61 20 -3 -11 -7 -6 2 3 -1 
