23 26 16 11 11 9 7 4 2 1 
27 23 11 9 5 4 2 6 3 6 
27 24 14 10 3 1 4 6 7 4 
27 29 26 16 9 9 13 11 10 6 
22 24 24 23 14 17 10 10 8 8 
24 20 14 14 8 7 7 8 7 8 
33 24 14 13 7 6 7 6 4 5 
30 23 16 11 11 9 4 3 5 4 
35 30 17 8 6 5 -1 2 8 3 
47 39 18 8 -3 -3 -3 -2 6 1 
58 47 19 7 -2 -5 -4 0 5 2 
67 49 20 6 -9 -9 -2 4 4 3 
69 53 26 1 -12 -8 -1 5 7 2 
72 57 21 -7 -6 -4 -5 2 8 2 
77 59 13 -6 -11 -11 -4 2 7 0 
85 59 6 -2 -6 -13 -5 4 7 1 
87 52 10 -2 -5 -7 -7 4 6 3 
89 55 16 -1 -8 -4 -7 2 5 1 
89 64 18 -3 -11 -4 -2 -1 2 -2 
92 58 17 -1 -9 -6 -3 -2 1 -1 
93 55 17 -2 -10 -7 -3 2 2 2 
92 58 18 -5 -13 -6 -4 5 4 1 
91 62 16 -4 -9 -8 -5 6 6 -3 
93 62 16 -1 -7 -10 -7 -3 8 -3 
90 59 22 -2 -7 -11 -8 -4 3 -3 
87 61 24 -2 -10 -10 -9 -1 -1 -2 
85 57 24 2 -6 -9 -11 -6 -3 3 
79 52 23 3 -3 -8 -8 -5 -1 2 
80 53 23 5 -5 -8 -7 -2 1 0 
82 58 23 9 -10 -10 -5 -2 3 -3 
