85 57 24 2 -6 -9 -11 -6 -3 3 
79 52 23 3 -3 -8 -8 -5 -1 2 
80 53 23 5 -5 -8 -7 -2 1 0 
82 58 23 9 -10 -10 -5 -2 3 -3 
81 58 21 9 -7 -11 -6 -3 1 0 
82 58 24 2 -4 -8 -11 -2 2 2 
84 59 24 -5 -4 -8 -9 -1 0 2 
86 59 25 0 -5 -7 -6 1 0 1 
85 59 25 9 -6 -7 -5 2 4 3 
85 62 24 10 -5 -7 -6 2 6 4 
88 61 23 8 -4 -5 -4 4 1 0 
88 60 22 7 -5 -4 -1 1 -2 -3 
85 58 21 8 -3 -6 -1 -2 0 -1 
82 55 24 7 -3 -8 -6 -3 2 2 
83 58 25 4 -8 -6 -9 -4 3 -2 
80 56 20 4 -4 -7 -8 -6 1 -4 
72 53 21 8 1 -5 -6 -4 -1 -1 
73 55 21 5 -4 -6 -2 0 3 -1 
72 51 22 4 -8 -11 -2 -1 5 -3 
62 45 22 12 -1 -7 -7 -7 -2 -3 
55 42 21 16 7 2 -3 -3 -4 -3 
49 36 22 17 13 4 0 -1 -2 0 
37 32 19 14 12 3 0 -1 4 5 
27 28 16 9 7 2 -1 0 0 -1 
26 32 17 12 7 4 1 -4 -2 -1 
25 28 19 15 9 6 1 -1 1 6 
29 24 17 10 7 8 3 4 2 5 
28 20 9 6 -2 1 0 1 5 1 
26 20 3 7 2 5 3 0 3 3 
29 27 7 3 4 12 9 5 4 1 
