44 35 21 20 21 15 7 1 1 1 
48 34 15 15 15 9 6 -1 -1 0 
50 34 15 11 8 6 7 2 -2 1 
46 34 16 11 4 8 4 4 1 -1 
43 31 15 12 13 14 -1 1 4 -1 
50 32 8 7 17 10 -4 -7 -6 -2 
47 30 1 1 13 10 -4 -15 -12 -3 
45 25 4 1 6 12 3 -10 -9 -1 
52 31 11 12 8 7 5 0 -1 2 
54 27 10 11 11 11 2 1 7 5 
53 24 5 8 8 12 2 0 5 3 
53 26 1 5 13 10 1 2 5 8 
57 27 2 2 15 11 -2 -5 1 7 
90 45 -1 -7 2 4 2 -2 4 6 
99 51 -1 -7 1 -1 3 1 4 4 
95 46 2 -3 -4 0 5 -1 3 5 
89 38 4 -3 -2 2 2 -2 0 5 
87 43 6 -1 1 -3 -2 0 2 2 
80 54 16 7 0 -4 0 5 3 0 
69 51 22 13 10 3 -1 3 -1 2 
49 40 15 10 9 0 3 6 4 1 
46 34 15 13 7 3 5 4 4 1 
45 31 23 11 8 7 7 5 3 2 
46 37 26 9 7 6 8 7 1 1 
50 35 23 20 14 8 5 5 2 4 
44 30 25 18 11 5 7 5 2 6 
35 29 22 10 3 -2 5 2 -1 3 
40 32 19 10 3 3 4 2 5 4 
46 32 20 12 5 7 3 3 7 0 
43 31 20 17 7 6 5 4 3 -2 
