35 38 23 16 12 11 7 3 3 -2 
35 36 25 17 12 8 7 5 2 -3 
42 37 27 18 16 8 7 3 -3 -4 
46 40 26 23 22 13 7 2 3 -1 
39 35 30 24 23 15 12 9 5 2 
33 30 27 20 19 13 12 8 5 5 
36 28 17 15 13 10 5 3 3 3 
75 31 2 -4 6 9 -1 -5 1 6 
81 37 4 -4 3 8 -1 -3 3 6 
81 43 5 -1 4 1 0 1 5 6 
89 47 4 1 5 -4 -2 -2 1 7 
90 50 9 1 -4 -4 -5 -1 6 4 
91 48 9 -3 -2 -3 -6 -1 6 2 
94 46 8 -3 3 1 -6 -6 2 5 
92 46 9 3 2 1 -5 -6 -1 8 
88 51 12 4 -4 -2 -4 -3 1 5 
84 52 9 0 1 -3 -5 -4 2 5 
80 48 9 0 2 -4 -7 -4 2 7 
78 49 15 2 -6 0 -8 -2 1 6 
73 50 18 2 -6 1 -4 -2 0 3 
63 44 17 6 0 -1 -5 -2 6 2 
54 38 13 10 2 0 -5 -2 9 4 
43 30 11 13 6 1 -4 -2 4 3 
31 32 18 20 11 6 2 2 5 4 
27 33 16 12 5 7 5 5 6 3 
37 30 15 11 8 7 3 0 0 2 
41 31 17 19 12 8 3 0 0 1 
38 34 23 22 15 10 3 4 2 -1 
39 31 26 22 14 12 6 5 1 1 
42 29 21 21 15 12 9 3 -2 1 
