32 27 18 17 13 12 7 -1 -2 0 
37 30 21 16 14 10 4 1 -1 1 
42 37 27 20 15 9 3 3 4 3 
44 38 21 19 16 10 6 7 7 3 
51 45 18 17 13 11 9 8 4 -4 
51 42 22 19 10 5 10 3 -1 -3 
45 39 29 22 13 4 7 1 1 0 
37 42 34 24 19 11 9 0 0 1 
46 45 27 17 12 9 13 4 0 1 
47 41 24 18 12 13 10 4 4 -3 
49 45 30 25 13 12 10 6 4 -3 
50 46 29 26 14 7 12 8 2 -1 
50 36 16 14 8 7 4 -4 0 3 
58 42 23 12 8 10 5 -3 -2 3 
57 49 30 17 10 8 4 2 0 -4 
54 52 36 22 16 14 7 3 1 -7 
52 49 34 19 19 17 8 3 3 0 
52 41 24 16 11 10 4 0 1 1 
58 42 24 17 9 7 3 -4 0 4 
63 47 23 9 4 1 1 1 7 11 
59 42 16 3 -3 -2 3 5 6 4 
66 43 11 4 -4 0 -3 0 4 1 
72 47 14 5 -2 2 0 2 7 7 
71 49 19 6 3 4 5 3 4 6 
66 49 21 8 9 6 6 3 3 4 
57 44 24 14 14 8 7 6 1 4 
43 42 33 23 23 15 10 5 -1 -1 
44 43 28 22 17 7 3 4 2 -2 
46 41 25 20 14 11 2 4 1 -3 
46 42 26 16 13 17 6 4 1 0 
