21 20 10 9 1 8 5 3 4 2 
27 29 12 10 7 11 7 6 5 2 
35 34 23 20 18 13 7 7 5 2 
40 33 25 21 13 12 6 4 5 0 
44 32 23 18 9 12 5 3 3 -2 
46 37 25 22 13 13 11 5 -1 0 
40 41 24 24 18 16 15 4 -2 -1 
38 40 21 22 17 12 11 7 3 -2 
46 38 22 19 14 10 5 4 3 -3 
49 43 25 22 18 14 3 4 3 -1 
46 39 28 21 18 14 5 7 5 0 
47 38 30 20 16 12 6 6 4 -1 
50 45 28 24 19 11 12 9 4 2 
50 43 30 25 17 8 12 9 2 1 
52 42 22 17 9 5 11 9 8 0 
51 52 26 18 15 9 7 12 9 -1 
42 50 35 23 21 15 8 8 0 -2 
50 50 33 17 12 9 8 8 2 -1 
52 45 33 20 9 8 8 7 3 -3 
36 28 21 23 16 9 7 4 2 -4 
47 46 27 27 22 13 6 6 6 1 
46 50 28 22 19 16 7 4 6 5 
55 41 20 16 7 8 6 3 0 0 
55 38 20 15 11 8 5 2 2 0 
45 35 22 15 13 9 8 4 4 -1 
43 39 25 16 8 12 10 6 2 -4 
45 36 19 15 7 14 8 5 2 -3 
45 38 19 19 8 11 6 5 2 -3 
44 41 26 19 7 5 6 6 2 -2 
51 41 24 18 12 5 10 5 -1 -3 
