22 26 9 7 8 4 4 -3 6 6 
18 24 10 10 11 9 8 3 6 7 
22 27 15 8 5 10 10 7 7 8 
30 27 12 11 9 10 8 5 10 6 
29 29 16 13 7 6 1 3 5 2 
28 25 15 15 4 3 0 1 -2 -1 
43 27 12 11 0 3 4 2 2 1 
42 30 16 5 1 2 2 -2 4 6 
37 29 16 9 8 5 2 -1 3 5 
39 33 20 11 15 10 3 0 2 2 
36 31 19 14 17 9 2 3 2 0 
40 29 15 9 2 1 -2 2 -2 -5 
40 31 16 3 -1 1 1 2 -4 -5 
54 35 6 -12 -13 -13 -8 6 8 5 
65 41 13 -2 -10 -11 -9 3 8 2 
64 39 13 7 1 -4 -3 2 3 3 
60 32 7 2 4 0 2 3 4 8 
53 30 9 -1 7 8 0 4 5 7 
43 29 12 6 12 9 -5 4 4 5 
36 27 13 8 17 11 7 6 4 4 
30 25 13 9 14 10 11 10 8 8 
27 19 14 10 7 2 5 6 4 5 
28 24 15 12 6 3 4 1 1 3 
29 23 8 6 6 8 4 1 1 2 
27 19 6 3 5 5 1 -1 -1 -2 
29 25 5 3 0 1 -2 -6 -4 -6 
37 27 8 4 -3 0 -1 -2 -2 -2 
36 29 9 6 -2 -2 1 2 3 3 
32 28 12 6 7 -1 1 8 5 6 
24 21 16 8 5 4 5 7 3 9 
