63 10 34 7 6 -5 -5 -5 1 1 
65 10 32 3 4 -3 -2 -6 0 1 
75 14 29 4 7 -1 -4 -5 -4 1 
77 14 24 6 13 -5 -8 -2 -6 -1 
63 3 13 -4 8 -4 -8 -1 -7 -4 
71 8 22 -4 4 -2 -7 0 -7 -2 
70 6 32 -2 -1 -7 -9 1 -6 0 
61 2 34 -3 4 -4 -8 5 -7 -1 
63 5 35 -6 13 0 -5 7 -5 0 
74 2 26 -18 5 -4 -7 5 1 5 
108 43 25 -15 -9 -16 -15 2 -2 -5 
113 59 29 2 1 -5 -6 0 -3 -2 
118 58 27 2 7 -2 -7 -1 -2 -1 
127 59 27 -7 9 1 -8 1 1 -1 
127 56 31 -19 19 -2 -7 1 0 4 
127 60 28 -15 16 -2 -7 2 -2 7 
123 63 30 -13 9 -2 -6 4 2 3 
127 62 27 -14 10 1 -7 1 3 0 
127 62 19 -20 14 3 -5 1 4 -3 
126 65 15 -22 12 5 -5 5 8 -2 
122 63 14 -16 13 3 -3 4 7 -3 
123 65 21 -14 12 -4 -2 1 0 -2 
123 67 24 -15 10 -6 2 3 -5 0 
125 63 22 -14 11 -3 5 2 -7 2 
125 62 25 -19 14 -2 1 4 -6 3 
118 60 25 -16 10 -2 0 8 -3 2 
119 60 25 -16 8 3 -2 4 -1 -1 
121 59 29 -24 6 0 -4 7 2 -2 
116 56 31 -20 3 -5 1 12 3 -3 
111 55 28 -16 5 -1 3 12 3 -5 
