26 28 14 6 12 6 3 4 6 5 
18 26 16 9 6 4 -1 5 5 2 
18 24 14 7 4 1 -1 6 2 2 
27 27 11 7 10 5 3 9 4 7 
23 26 13 12 5 5 5 5 6 6 
20 21 14 10 3 4 5 3 3 2 
25 21 16 10 6 9 5 -2 1 -3 
26 22 13 9 11 6 4 -2 -1 -5 
27 24 11 10 12 6 6 5 4 -1 
22 23 15 14 6 4 6 3 6 -2 
19 19 14 11 2 -1 0 -3 3 0 
32 28 19 10 8 4 2 -1 -1 1 
47 37 26 15 14 8 5 2 -5 -3 
53 40 31 20 17 14 3 3 -4 -3 
53 45 30 18 19 13 4 5 2 -3 
55 56 31 21 13 13 12 8 7 -4 
54 57 32 16 8 13 16 8 4 -5 
51 50 26 11 11 9 10 5 3 -3 
59 46 21 16 14 5 6 7 5 1 
56 43 24 15 12 5 6 9 5 2 
52 44 27 17 19 9 1 4 0 -1 
49 40 26 22 22 16 4 5 -3 -4 
45 35 28 24 19 16 7 6 1 -3 
56 30 17 15 8 12 6 4 5 -2 
52 32 10 8 1 6 4 2 1 1 
55 45 23 13 5 6 4 6 2 1 
50 41 25 15 11 5 4 5 2 0 
43 34 22 15 10 6 3 1 -2 -6 
53 45 29 21 14 12 4 1 1 -7 
52 49 29 17 13 12 5 3 5 -2 
