27 21 13 16 6 17 9 7 7 1 
28 16 12 13 5 11 7 6 6 1 
28 18 16 12 10 8 10 9 3 5 
25 24 19 14 10 10 8 8 4 4 
26 27 15 11 7 11 0 4 3 3 
23 17 9 9 11 8 -4 2 5 3 
28 20 8 13 7 0 -4 -3 3 0 
31 28 13 15 6 0 1 -4 -2 2 
27 30 17 13 8 1 1 -2 -2 2 
33 36 19 8 2 0 3 5 6 2 
49 38 13 3 -5 -3 2 3 6 5 
55 38 7 -9 -8 -4 -5 0 4 9 
60 42 10 -5 -5 -6 -6 -3 7 6 
66 46 18 2 -5 -9 -4 -2 7 1 
73 45 17 2 -6 -8 -8 0 3 2 
86 49 13 3 -4 -7 -5 2 1 4 
86 52 14 -2 -5 -6 -6 4 -1 4 
74 55 15 -2 -2 -4 -9 -2 3 4 
75 55 14 2 -6 -6 -2 -4 1 2 
85 54 12 0 -12 -8 2 0 2 1 
81 54 14 1 -10 -5 2 2 3 1 
54 46 23 17 5 0 5 1 -1 -3 
52 41 23 18 7 1 5 -3 -3 -4 
41 30 18 11 7 9 6 0 3 0 
35 32 13 11 9 8 -1 0 4 -1 
39 35 20 16 11 10 2 2 4 -2 
47 39 30 19 12 15 6 6 7 1 
51 41 27 15 10 13 5 5 5 1 
50 40 24 15 11 7 4 6 3 0 
46 44 26 21 13 9 5 6 6 -1 
