30 25 9 7 7 10 7 7 4 1 
31 20 15 13 9 11 10 9 5 4 
29 20 12 11 9 10 11 10 8 8 
41 35 16 10 8 6 3 5 1 0 
51 44 21 11 9 3 2 2 -1 1 
55 40 23 12 6 3 0 -1 0 0 
56 36 25 15 10 7 0 -4 -1 -1 
55 39 26 13 11 9 0 -6 -2 0 
52 39 27 15 4 3 2 -1 0 0 
54 40 28 15 7 0 1 -1 -3 0 
58 46 26 17 9 0 -1 -2 -3 3 
58 46 23 22 13 2 -5 -5 2 1 
57 43 25 20 17 10 -2 -5 0 -2 
62 47 22 14 10 7 -2 -2 0 0 
61 45 23 18 11 3 -2 -2 2 0 
59 45 22 18 15 4 -1 -2 -2 -3 
61 41 18 12 11 3 1 -1 -2 -3 
100 25 -12 -3 9 -4 -13 -9 2 0 
103 17 -22 -9 6 -10 -20 -15 0 -1 
106 23 -20 -6 7 -10 -17 -14 0 2 
110 30 -21 -7 7 -12 -18 -9 -1 -2 
105 30 -21 -12 4 -7 -16 -10 -4 -7 
106 29 -17 -14 1 3 -8 -7 -4 -5 
106 21 -18 -13 2 4 -8 -4 0 0 
97 21 -18 -12 3 2 -10 -7 0 4 
91 29 -7 -10 5 4 -7 -9 -1 3 
75 33 9 3 6 7 0 -6 -5 -2 
52 33 13 11 5 2 2 -1 3 4 
45 33 11 12 3 -7 -1 -1 2 0 
29 26 15 11 1 -5 -1 0 3 -3 
