35 30 21 11 6 9 5 1 -2 -5 
25 23 9 2 3 5 3 4 -1 -2 
42 35 17 14 9 3 4 3 3 2 
40 33 22 18 12 4 0 0 3 2 
38 28 15 9 13 10 4 1 2 1 
52 34 18 9 8 7 2 2 -4 -1 
66 37 9 0 -4 2 1 0 -3 1 
66 39 1 -10 -4 1 -4 -5 1 2 
65 39 1 -10 0 5 -3 -3 5 4 
67 39 -1 -11 -3 2 -1 -2 6 4 
74 36 -4 -7 0 2 -4 -7 4 7 
75 33 -5 -7 -5 2 -5 -7 2 9 
74 30 -7 -12 -8 -3 -6 -5 2 4 
83 37 -10 -14 -3 2 -2 -6 7 -2 
87 42 -5 -11 -4 1 -2 -7 3 -5 
88 41 -3 -8 0 -2 -5 -5 -1 -2 
88 36 -11 -3 6 -4 -6 -5 -1 -1 
88 31 -10 -8 2 1 -6 -5 1 -3 
87 29 -11 -15 -2 2 -3 -5 3 -4 
87 28 -14 -14 -1 4 -1 -6 -1 -2 
87 26 -16 -14 4 7 -2 -3 -4 1 
90 29 -17 -12 8 8 -4 0 -2 -1 
92 26 -20 -8 6 10 -7 1 3 1 
91 26 -22 -13 8 3 -8 -3 3 6 
96 27 -19 -8 14 2 -3 1 5 4 
95 23 -20 -3 11 6 -1 1 7 3 
91 15 -22 -7 6 9 -2 2 9 5 
97 19 -21 -2 11 12 0 3 8 4 
97 25 -18 -4 12 10 -2 2 7 4 
90 24 -16 -8 9 9 -4 1 8 5 
