40 33 18 19 13 10 8 11 3 1 
44 34 21 20 13 12 4 7 4 3 
44 36 23 22 18 13 2 -1 3 1 
43 32 22 17 15 10 4 1 -3 -4 
45 31 22 15 12 8 3 3 -2 -1 
42 33 18 19 11 9 2 -2 -3 0 
45 34 19 16 11 7 4 1 -4 -2 
49 34 17 16 12 3 3 7 -3 -3 
54 35 16 13 6 6 0 7 1 0 
57 39 24 10 4 10 0 2 0 2 
57 42 26 13 11 8 -1 -5 -3 -2 
56 39 21 13 12 7 0 -5 -1 0 
50 27 8 8 7 5 3 3 1 1 
51 26 8 7 6 3 0 2 -1 -2 
54 37 24 18 14 8 -1 -2 0 -3 
50 41 24 19 15 11 2 3 3 0 
50 43 25 17 11 6 -1 -1 6 5 
49 36 23 14 13 6 1 -2 3 1 
43 32 20 15 11 4 3 1 2 -3 
34 31 15 18 11 5 5 5 2 -1 
33 32 16 18 11 9 2 2 2 1 
27 28 20 19 10 9 2 0 -1 2 
22 30 20 14 5 1 4 4 1 1 
27 23 10 8 8 2 1 1 2 3 
26 18 8 5 12 9 2 3 3 4 
21 15 9 10 16 13 10 11 9 5 
19 20 12 16 15 13 10 10 8 1 
19 27 15 13 8 9 7 8 8 2 
23 26 16 15 14 11 9 6 7 5 
26 26 14 13 15 8 6 4 4 0 
