25 21 11 16 12 9 6 1 3 2 
22 17 12 17 11 10 10 5 7 7 
25 23 11 15 8 5 9 5 4 4 
29 28 13 11 9 4 11 8 2 2 
37 31 22 14 12 3 8 5 0 1 
37 31 26 18 20 7 8 2 1 -2 
33 31 24 19 20 9 8 1 5 1 
35 34 24 24 16 8 4 0 5 3 
37 34 22 25 17 6 4 4 5 1 
32 32 21 25 17 7 9 5 4 0 
31 27 20 23 15 8 13 9 1 -2 
33 25 19 20 12 9 8 8 4 -1 
26 30 19 18 15 15 7 6 10 3 
25 29 22 20 17 19 12 12 11 7 
28 30 24 20 13 16 15 14 9 8 
31 33 21 18 13 12 12 11 8 8 
31 32 18 15 14 12 7 8 7 4 
24 24 13 9 9 9 5 5 5 1 
25 20 11 7 9 7 7 11 6 2 
20 18 10 8 6 3 8 9 2 -3 
21 20 13 10 7 6 5 3 4 0 
28 24 13 10 9 11 1 2 7 2 
26 18 10 14 5 11 6 1 4 3 
15 10 8 9 5 8 6 1 3 1 
11 12 11 7 10 9 2 4 5 0 
17 14 18 14 7 7 3 8 7 3 
18 18 15 15 11 9 9 8 5 6 
16 19 14 16 14 12 7 3 4 4 
17 16 13 15 13 7 6 1 -1 -1 
11 13 12 9 8 6 3 0 -1 0 
