104 -6 -21 -24 17 -11 -9 8 -4 7 
104 5 -17 -19 14 -18 -17 2 -9 6 
104 2 -20 -23 9 -15 -20 0 -11 5 
96 -11 -27 -27 8 -9 -15 3 -7 5 
97 -11 -29 -21 12 -6 -8 5 -4 6 
90 -8 -32 -20 12 -7 -10 7 -6 5 
84 -8 -31 -23 14 -11 -10 8 -15 1 
87 -12 -28 -27 17 -18 -12 3 -14 4 
93 -5 -30 -21 14 -17 -14 2 -12 7 
110 9 -26 -18 11 -16 -17 2 -12 7 
110 8 -22 -24 14 -16 -17 2 -12 5 
94 1 -25 -27 13 -14 -17 5 -15 2 
89 -2 -31 -27 12 -13 -15 3 -11 5 
100 5 -21 -30 11 -17 -12 -5 -14 6 
97 7 -15 -29 4 -11 -16 -3 -14 3 
104 11 -16 -26 -6 -8 -19 -5 -12 1 
110 10 -20 -27 1 -14 -12 -3 -13 2 
106 5 -23 -27 8 -14 -12 -3 -11 5 
92 1 -24 -23 7 -12 -15 -7 -13 5 
96 1 -21 -23 2 -13 -17 -10 -23 1 
109 3 -15 -17 8 -9 -13 -8 -22 2 
106 2 -17 -15 9 -9 -11 -4 -17 5 
93 2 -16 -20 4 -13 -13 2 -12 9 
96 11 -15 -22 4 -18 -15 0 -15 4 
99 11 -24 -22 4 -16 -13 2 -16 5 
100 8 -19 -22 1 -12 -12 1 -13 4 
98 4 -17 -22 4 -11 -11 -6 -15 2 
91 3 -20 -19 9 -4 -6 -4 -13 7 
94 7 -19 -19 14 -11 -10 0 -14 9 
98 10 -22 -18 15 -9 -15 1 -14 9 
