18 21 11 12 10 6 4 8 4 3 
12 15 3 3 6 2 8 7 2 4 
18 16 4 1 5 3 5 2 2 2 
25 23 10 10 9 4 5 5 6 4 
21 21 8 10 13 4 6 2 7 8 
26 26 8 9 7 3 2 -2 2 2 
37 37 19 17 7 6 2 4 0 -2 
44 41 23 20 13 10 4 1 -3 -6 
46 41 23 19 9 9 4 -2 -3 -4 
51 37 18 20 14 9 1 -5 -6 -3 
48 42 22 23 22 10 2 -3 -4 -4 
37 39 30 21 17 11 6 0 1 0 
46 31 29 21 21 15 8 1 -1 -1 
51 39 24 17 15 9 6 3 1 1 
53 47 24 11 10 8 3 6 3 1 
60 46 27 16 13 11 0 0 0 0 
56 44 24 15 12 13 -1 -3 -2 0 
61 43 17 5 3 7 0 -3 0 3 
63 39 20 10 2 1 0 -3 -1 0 
57 40 27 14 5 0 -1 1 -4 -3 
55 44 27 12 6 1 1 4 -3 -3 
51 41 27 18 5 1 4 1 -1 0 
47 36 26 20 10 5 4 -3 -4 -2 
44 38 24 17 15 8 1 1 -3 -5 
37 38 24 17 11 6 2 1 -1 -2 
31 34 23 17 12 8 2 0 -2 -3 
27 25 20 20 13 7 3 2 -4 -2 
19 16 14 14 5 2 5 2 -3 0 
14 16 11 8 4 2 -1 0 -1 -1 
23 24 11 5 8 12 5 3 1 -1 
