15 15 2 8 12 12 2 2 3 1 
20 20 14 14 16 14 7 7 1 2 
20 24 19 18 20 11 9 9 4 4 
28 23 17 18 18 12 11 10 11 5 
38 31 23 20 10 13 11 10 10 5 
33 33 26 26 9 12 12 8 6 10 
25 30 20 23 10 9 11 9 10 11 
25 27 15 19 12 9 10 8 16 10 
23 21 15 20 16 11 11 7 11 5 
39 35 20 15 14 5 1 2 -4 -6 
46 38 17 10 9 3 -4 1 -4 -6 
50 40 17 8 7 1 3 -1 0 -2 
62 39 15 5 5 3 5 -3 2 0 
65 45 18 10 8 6 4 -1 3 0 
58 53 24 17 7 3 1 -3 2 0 
61 47 23 15 3 3 -1 1 0 0 
60 40 23 13 6 5 -1 1 -1 2 
55 44 24 14 11 8 -1 -3 2 0 
53 49 25 13 14 9 -2 -4 0 -1 
49 45 23 11 11 2 3 -4 -4 -1 
53 44 23 9 5 2 4 -1 -2 -1 
58 44 26 14 2 6 2 -1 1 0 
56 45 32 18 2 3 3 1 3 0 
55 43 27 16 6 4 2 -2 1 1 
53 43 27 18 8 7 2 -6 -2 2 
52 44 27 18 10 6 -2 -5 -2 -2 
48 45 22 15 12 5 -7 -2 -3 -5 
51 41 24 15 11 9 -2 -1 -5 -4 
50 33 19 11 11 13 7 2 -3 -2 
45 32 20 10 4 10 3 -2 -3 -5 
