43 29 24 17 13 7 3 2 0 -1 
45 33 27 17 14 9 3 -4 -3 -2 
43 37 27 23 18 8 -1 -7 -1 2 
41 32 19 17 15 11 2 -4 -2 -1 
34 29 15 8 7 6 0 -5 -4 -4 
38 38 24 19 14 6 0 -3 1 0 
46 38 23 18 13 5 3 1 2 2 
48 41 19 10 5 5 2 2 2 0 
57 45 17 7 6 9 1 1 -2 -2 
61 40 17 12 11 5 0 4 -1 1 
63 39 14 14 8 0 1 0 -2 2 
63 44 17 13 8 4 3 -2 -4 0 
58 45 27 19 10 9 2 -1 -2 -3 
56 44 27 21 10 10 0 -1 1 -2 
61 49 28 16 10 6 0 1 -4 -3 
57 46 29 16 11 5 0 1 -4 -1 
50 42 26 18 14 7 -2 1 1 0 
55 44 25 18 11 3 -4 -2 0 -3 
53 42 27 19 9 2 0 -5 -2 1 
45 32 24 20 17 6 3 -3 -4 2 
40 30 20 17 16 6 3 3 -3 -1 
45 40 21 21 16 8 2 1 -2 -2 
41 40 22 23 19 14 1 -3 0 -3 
38 38 26 17 14 10 3 1 1 0 
40 37 27 16 14 6 4 0 0 1 
31 25 20 15 14 9 4 0 0 -3 
30 13 13 10 10 10 2 2 0 -1 
24 13 8 6 7 4 -4 -1 4 1 
20 18 11 8 6 2 -2 2 3 0 
15 21 18 17 10 2 5 1 -2 -4 
