25 22 17 17 13 9 3 7 6 6 
25 23 12 17 10 6 4 7 0 5 
22 27 15 12 10 7 4 9 3 4 
23 25 14 7 7 10 6 7 6 3 
24 19 16 7 13 12 9 9 6 3 
22 20 21 8 16 10 7 5 4 0 
17 21 19 8 9 6 2 -3 3 1 
15 20 17 10 8 6 3 -3 4 2 
24 30 18 15 12 10 7 4 7 6 
26 23 16 13 9 9 8 12 6 8 
30 20 16 9 6 6 5 9 2 6 
34 27 17 12 9 7 9 7 5 4 
30 28 21 18 14 12 11 9 9 4 
29 26 19 19 19 13 11 9 9 7 
31 28 23 18 16 16 9 10 10 9 
35 27 22 16 13 20 10 9 8 7 
30 22 17 13 11 16 14 7 8 8 
14 20 18 19 13 10 10 8 12 9 
18 24 19 23 17 7 7 6 9 5 
21 17 14 12 12 9 2 1 3 2 
16 16 13 10 9 12 1 2 4 5 
28 29 20 13 13 9 3 6 6 6 
27 30 18 15 10 7 6 5 3 4 
13 20 9 9 5 4 4 0 -4 -2 
18 21 11 10 14 6 5 1 2 0 
21 23 15 15 15 6 6 5 5 5 
20 20 11 16 13 9 4 5 5 8 
17 21 3 15 9 9 3 2 9 6 
17 20 6 14 12 10 4 1 5 4 
20 14 11 14 13 9 1 3 -1 2 
