50 46 29 18 12 5 2 -5 -8 -2 
47 45 31 17 11 1 1 -2 -5 0 
43 44 27 15 12 1 0 -2 -2 -1 
46 41 27 18 14 6 3 -3 -4 0 
52 45 27 14 8 4 3 -5 -4 2 
51 45 25 15 6 2 3 -6 -5 1 
45 38 21 21 13 2 -2 -9 -6 -3 
41 34 20 21 15 2 -6 -9 -5 -3 
46 36 25 18 8 4 -7 -10 -3 -2 
51 47 26 14 10 8 -2 -5 2 -1 
53 49 22 16 14 8 0 -4 0 -1 
59 44 25 14 8 8 0 -3 0 -1 
58 44 27 14 1 8 2 -3 -1 -4 
54 39 23 21 6 6 1 -5 -3 -3 
54 41 23 24 11 7 4 -1 -2 -3 
57 45 21 17 12 8 5 3 -4 -1 
56 44 21 15 11 6 2 1 -6 -3 
56 48 25 13 7 6 1 0 -6 -7 
56 51 25 10 5 8 3 0 -5 -5 
55 50 18 9 7 7 5 -2 0 -3 
56 45 16 7 12 6 -1 0 2 -2 
48 39 21 11 16 11 -3 -1 0 -2 
40 34 24 15 15 12 1 0 -4 -5 
40 31 22 16 15 6 1 -2 -3 -2 
28 27 16 13 16 6 3 -1 -3 -2 
18 21 14 9 11 7 5 2 -2 1 
28 19 7 8 11 12 6 2 5 7 
31 22 1 14 10 12 5 1 3 3 
20 18 4 14 10 10 7 3 -1 2 
18 16 7 9 5 5 7 6 4 4 
