60 52 26 15 13 4 -4 -5 -8 -6 
59 52 31 16 11 6 -9 -7 -9 -6 
57 49 33 22 11 5 -7 -9 -8 -7 
58 49 34 23 9 2 -1 -7 -6 -7 
58 50 34 22 8 2 -4 -7 -7 -7 
58 52 29 21 11 3 -2 -9 -8 -10 
62 51 22 22 13 3 0 -7 -8 -11 
62 49 25 18 9 6 -4 -6 -5 -10 
60 47 29 14 10 2 -4 -6 -4 -10 
61 48 27 15 13 1 -2 -7 -8 -10 
63 49 28 18 11 1 -3 -4 -9 -9 
65 49 26 21 9 1 -3 -5 -10 -8 
62 53 27 21 10 0 -2 -3 -11 -8 
63 55 28 19 10 -1 -7 -2 -5 -9 
69 50 27 15 7 6 -7 -8 -4 -6 
67 53 28 11 7 6 -2 -9 -5 -7 
64 56 27 14 8 2 1 -5 -7 -9 
61 51 29 17 8 5 -1 -2 -8 -10 
61 46 29 19 8 4 0 -3 -6 -11 
57 41 20 16 14 6 3 -4 -3 -8 
42 33 15 14 15 8 4 3 2 -3 
35 27 17 16 8 5 5 6 3 -1 
35 24 14 14 9 5 4 2 5 0 
29 21 12 13 6 4 3 0 5 1 
27 20 18 14 8 4 4 1 3 1 
27 22 17 18 11 8 4 6 4 6 
24 25 13 15 10 11 5 6 6 4 
22 23 8 11 13 9 3 -4 0 4 
24 22 12 12 12 9 4 -1 1 4 
31 23 15 11 10 15 7 0 2 1 
