27 29 17 20 14 12 1 1 3 3 
25 26 17 15 10 10 5 6 7 4 
44 40 27 16 6 6 4 0 0 0 
42 40 27 13 10 6 4 -2 0 2 
27 28 15 10 9 7 4 4 5 4 
28 25 12 16 9 9 3 4 3 5 
27 22 18 19 12 11 8 3 2 6 
28 25 20 18 10 11 8 6 6 8 
29 27 15 15 11 11 1 5 6 6 
22 16 14 15 9 12 6 5 2 6 
22 19 15 18 8 13 9 8 4 8 
19 24 18 17 13 7 4 7 5 7 
14 20 12 13 10 1 -1 4 1 1 
26 25 13 23 18 10 4 5 4 3 
25 26 16 20 23 14 3 3 4 5 
27 28 10 3 6 7 4 2 6 3 
26 22 9 8 6 3 0 1 5 4 
30 19 7 9 11 7 2 4 2 0 
31 19 8 9 9 10 8 10 5 2 
29 26 17 11 7 7 5 2 3 2 
34 23 14 8 9 8 5 0 2 1 
24 16 10 7 5 7 6 2 4 2 
19 24 17 10 8 10 6 1 2 -1 
16 28 15 11 11 8 6 -1 -1 -1 
35 35 19 16 9 1 3 1 1 -2 
41 31 16 18 5 3 2 5 1 -1 
28 26 11 6 2 2 4 7 6 3 
25 24 7 -3 1 4 7 6 10 7 
27 21 6 0 0 4 5 4 4 4 
26 21 6 3 8 7 4 4 3 2 
