47 35 19 10 0 -13 -14 -8 -5 -4 
43 34 13 13 3 -12 -13 -9 -3 -4 
33 27 11 9 1 -5 -7 -8 -3 4 
31 23 15 4 -3 -6 -8 -3 1 4 
34 32 24 10 -4 -8 -5 3 7 5 
37 29 20 16 0 -12 -8 2 7 9 
42 20 7 7 -2 -12 -5 0 5 3 
46 20 2 4 -2 -7 -3 1 5 1 
47 25 3 2 -1 -9 -8 2 1 0 
46 31 10 7 5 -6 -3 5 4 2 
48 25 13 11 6 1 -1 -2 2 3 
54 28 15 10 -2 1 -5 -7 -1 2 
57 46 24 14 0 -2 -7 -5 -2 -2 
58 50 28 22 10 1 -9 -4 -4 -3 
60 51 32 25 16 9 -1 -1 -4 -4 
59 49 34 21 14 10 2 -3 -5 -2 
39 38 28 19 10 7 6 2 4 3 
26 30 21 18 7 5 8 4 6 3 
21 27 16 15 11 10 10 7 3 1 
34 39 24 18 9 6 1 0 -2 -5 
33 38 21 17 9 7 -3 -5 -4 -2 
24 29 12 17 13 8 4 1 -2 -1 
20 19 9 14 7 3 4 5 2 -1 
9 7 6 5 2 2 0 3 2 2 
11 18 17 15 9 4 5 7 5 5 
14 27 13 17 10 4 10 8 4 5 
23 27 8 9 6 3 7 6 6 3 
24 23 8 11 2 1 2 6 4 0 
17 24 17 21 8 7 5 4 4 2 
20 19 17 19 14 15 8 6 8 7 
