24 22 15 15 8 11 6 -1 5 -2 
16 25 23 12 9 7 3 4 9 8 
23 26 24 14 10 10 5 7 6 1 
26 27 20 14 7 8 6 7 10 4 
20 31 15 10 4 8 9 6 12 6 
31 34 22 18 9 13 8 0 0 -2 
55 42 30 17 7 4 -2 -3 -3 -3 
63 54 31 16 5 0 -3 -3 -2 -3 
60 52 30 17 7 -2 -5 -4 -4 -5 
55 44 30 14 3 -1 -8 -4 -5 -3 
60 47 31 14 2 -2 -9 -4 -5 -2 
67 56 29 10 -1 -5 -10 -2 1 -5 
74 50 19 3 -2 -4 -7 -2 -2 -4 
78 40 13 7 0 -9 -10 -3 -4 -9 
77 37 12 9 -4 -11 -13 -9 -7 -10 
77 35 9 6 -11 -14 -12 -11 -11 -7 
82 35 8 8 -9 -16 -7 -7 -6 -3 
85 31 2 5 -2 -10 -8 -5 -3 -8 
85 29 -1 3 -5 -11 -9 -6 -4 -10 
85 28 -1 -1 -11 -14 -7 -9 -9 -9 
86 33 -1 -4 -12 -11 -7 -13 -10 -5 
82 37 -5 -9 -11 -12 -11 -19 -12 -4 
87 37 -1 -4 -4 -11 -13 -14 -5 -1 
90 33 4 1 -3 -11 -16 -14 -1 4 
89 32 2 -1 -4 -11 -19 -15 -2 4 
88 29 -3 -3 -6 -14 -16 -14 -8 -3 
84 27 3 1 -8 -18 -11 -9 -12 -7 
79 18 0 4 -6 -20 -18 -13 -11 -6 
82 15 -4 5 -5 -18 -16 -15 -12 -5 
86 13 -7 7 -5 -17 -15 -13 -13 -5 
