22 26 17 13 8 11 8 3 8 5 
21 23 17 14 14 16 9 4 7 8 
21 21 14 11 12 15 10 4 5 6 
15 19 13 5 5 6 5 -1 0 -3 
33 33 26 16 7 5 0 -6 -11 -9 
42 40 29 18 5 1 -1 -8 -11 -7 
42 43 30 20 9 -1 -3 -8 -8 -9 
47 40 28 18 8 -2 -5 -8 -5 -9 
52 33 23 12 7 1 -9 -7 -2 -5 
51 36 25 16 4 1 -9 -8 -5 -6 
48 47 35 23 4 -3 -8 -8 -9 -8 
49 53 33 19 9 -3 -10 -6 -8 -9 
46 50 34 21 7 1 -8 -11 -10 -7 
49 48 37 23 7 0 -7 -11 -8 -7 
49 51 33 22 10 2 -8 -12 -7 -8 
49 49 29 22 12 0 -12 -11 -10 -8 
50 50 30 17 12 -1 -13 -7 -10 -11 
47 50 35 17 5 -1 -9 -9 -8 -10 
46 51 37 19 4 -4 -10 -8 -8 -7 
47 53 32 18 6 -5 -10 -9 -9 -5 
50 51 29 21 4 -5 -10 -12 -9 -6 
52 50 25 22 2 -7 -9 -12 -7 -8 
50 47 29 22 2 -4 -11 -10 -6 -8 
46 42 35 20 3 -3 -10 -10 -11 -5 
44 41 30 11 4 -5 -7 -12 -12 -7 
42 44 24 9 6 -4 -10 -12 -6 -6 
42 43 25 10 1 -5 -13 -13 -1 -2 
44 40 25 11 5 -2 -12 -12 -1 -1 
49 43 25 13 8 -1 -9 -6 0 1 
49 46 24 14 4 -1 -5 -5 -2 3 
