33 16 1 7 4 3 2 5 6 -2 
24 10 -8 -1 0 -2 -1 1 6 -5 
23 26 13 13 10 10 7 2 7 3 
21 25 15 16 13 8 10 3 7 7 
26 26 19 15 11 4 9 0 -2 -2 
60 18 -3 14 6 -3 5 2 -2 -4 
72 23 5 20 8 1 6 -1 -2 -5 
74 26 14 19 7 5 4 -3 -1 -5 
76 29 8 14 5 -2 4 1 0 -3 
77 35 9 15 4 -4 2 3 0 -6 
78 31 17 19 2 -3 2 3 -4 -8 
80 27 22 23 1 -6 3 3 -7 -7 
81 26 21 28 -2 -9 1 2 -5 -5 
81 24 22 29 -2 -14 1 0 -5 -5 
82 21 19 32 1 -16 1 -1 -6 -3 
82 17 15 33 -2 -16 1 -2 -7 -1 
80 11 18 29 -3 -13 -1 1 -5 0 
80 12 15 30 -1 -13 -2 2 -3 -2 
81 16 8 32 2 -16 -4 1 -4 -4 
82 15 8 33 3 -15 -1 -1 -6 -3 
85 16 8 35 4 -14 -1 -2 -8 -2 
83 15 15 33 4 -14 -5 0 -7 -3 
85 11 17 29 2 -14 -4 -1 -5 -4 
87 8 10 31 1 -14 -3 -2 -10 -4 
81 7 8 32 -1 -13 -2 -7 -10 -7 
79 6 8 31 3 -14 -1 -9 -12 -10 
79 5 5 31 9 -17 1 -7 -17 -14 
77 3 3 31 6 -17 2 -5 -18 -14 
76 3 2 32 4 -16 0 -3 -16 -14 
75 6 5 31 3 -16 -2 -2 -13 -10 
