15 24 13 8 7 -1 -9 -4 -1 -2 
14 25 21 7 2 3 -9 -3 -5 -3 
19 23 19 8 2 6 -5 -1 -3 -1 
27 22 12 13 12 10 0 0 2 3 
44 30 6 2 4 4 1 4 3 -1 
44 27 6 6 -1 -1 3 4 1 -5 
53 18 -1 7 1 -5 6 11 8 -1 
55 16 -1 7 3 -5 6 10 6 -1 
77 11 -13 3 1 -7 6 11 11 -2 
90 14 -17 -3 -2 -9 2 6 9 -2 
98 14 -24 -3 -5 -11 -2 10 6 -3 
100 14 -27 -1 -2 -11 -1 13 7 -3 
92 17 -20 -2 -1 -6 3 11 7 -1 
77 29 -5 3 -5 -1 6 7 3 -3 
73 35 6 10 -2 3 1 4 -2 -6 
83 20 0 12 3 -6 -2 10 5 -7 
89 13 -13 8 5 -5 5 11 4 -7 
92 21 -9 11 7 -1 9 8 -1 -7 
90 36 7 15 9 4 4 -3 -12 -2 
91 31 6 19 7 -6 -4 -2 -7 -1 
90 32 10 20 3 -11 -7 -1 -3 -4 
91 32 9 17 3 -9 -4 0 -8 -6 
92 24 0 13 5 -9 -4 -1 -14 -8 
95 16 0 18 4 -12 -2 -4 -18 -12 
94 14 -3 22 3 -14 3 -6 -18 -13 
90 10 -5 20 3 -13 2 -7 -15 -15 
86 5 -5 24 3 -13 -1 -7 -17 -15 
83 6 -5 25 2 -14 -1 -8 -16 -14 
88 13 -6 22 -1 -10 0 -6 -10 -11 
93 16 -4 21 1 -8 0 -5 -11 -10 
