70 36 13 15 13 1 -1 -4 -4 -3 
68 38 21 24 6 -5 -2 -5 -5 0 
69 34 22 31 2 -3 -5 -7 -5 -2 
71 31 15 31 10 -1 -6 -10 -8 -6 
75 27 5 27 14 -4 -6 -9 -11 -9 
77 19 -1 24 13 -8 -6 -6 -15 -15 
80 15 2 21 14 -7 -6 -5 -13 -17 
75 13 2 19 9 -9 -7 -6 -14 -13 
70 7 -2 18 2 -16 -10 -7 -16 -10 
77 6 -3 21 3 -16 -10 -5 -14 -8 
79 7 -6 23 3 -17 -10 -4 -13 -9 
79 9 -5 25 4 -17 -9 -6 -13 -9 
80 9 0 26 9 -15 -7 -6 -11 -10 
78 11 2 28 9 -14 -7 -4 -11 -12 
78 11 0 28 8 -17 -8 -5 -14 -12 
77 9 -1 25 7 -19 -8 -8 -14 -11 
78 10 -3 26 5 -16 -9 -6 -12 -10 
81 6 -4 27 1 -14 -10 -6 -9 -10 
81 -1 -5 23 -2 -17 -10 -8 -11 -10 
81 -1 -6 23 -2 -19 -10 -8 -12 -9 
82 1 -11 27 -3 -20 -8 -9 -13 -8 
83 4 -7 26 -1 -17 -8 -5 -13 -8 
78 13 -1 29 4 -13 -7 -5 -12 -11 
78 19 3 31 12 -6 -7 -9 -13 -15 
84 21 10 25 12 -1 -1 -7 -13 -13 
86 23 10 27 12 3 -1 -6 -11 -10 
101 18 -5 14 4 1 5 4 2 -9 
103 14 -12 12 5 -3 8 11 10 -5 
99 19 -10 10 6 -7 3 12 8 -2 
72 23 -2 0 2 -2 4 7 7 3 
