127 45 23 -5 8 8 -4 1 -4 -2 
127 45 26 -8 12 5 -5 2 -5 0 
127 50 20 -9 8 5 -5 3 -3 3 
127 53 17 -8 10 2 -3 4 -5 2 
127 54 21 -8 13 0 -4 4 -8 0 
127 49 24 -9 15 -1 -2 4 -8 1 
127 43 29 -10 16 -2 -1 8 -9 -1 
127 45 34 -5 4 -5 -3 16 -6 -5 
127 50 25 -6 -1 1 -1 8 -1 -5 
127 53 20 -11 3 6 -1 2 -2 -1 
127 52 27 -18 4 4 -3 -1 -2 4 
127 55 26 -13 3 1 -3 1 1 5 
127 52 22 -8 8 2 -4 1 -1 3 
127 50 22 -9 7 0 -8 4 2 1 
127 52 26 -13 6 -3 -8 4 3 4 
127 57 24 -11 1 -3 -5 2 4 4 
127 57 21 -14 0 -4 0 4 2 5 
127 52 23 -18 6 -3 -2 5 -1 8 
127 52 27 -14 9 1 -9 3 0 4 
127 55 26 -17 10 5 -8 2 -1 4 
127 55 21 -14 10 4 -3 0 -5 5 
127 56 26 -15 8 8 -4 -1 -5 1 
127 53 32 -12 9 10 -5 -2 -6 1 
122 49 36 -4 10 10 -1 -5 -7 -1 
99 45 46 12 11 10 -5 -12 -11 -5 
87 37 48 16 7 -3 -3 0 -4 -7 
78 23 41 7 4 -5 -2 4 1 -3 
63 10 33 2 2 -7 -7 4 0 -1 
58 9 30 4 2 -10 -5 1 0 -3 
57 10 28 0 0 -9 -4 -2 -3 -3 
