19 23 17 20 9 8 6 1 5 -2 
25 23 13 15 8 5 2 -3 5 4 
25 17 4 10 7 1 -1 -1 1 2 
18 22 13 11 12 3 3 7 4 3 
20 27 20 5 11 8 8 7 5 4 
23 29 20 7 10 10 11 3 7 7 
23 22 15 13 7 5 7 2 6 5 
15 8 13 5 2 4 -2 -1 1 1 
33 20 16 8 5 5 0 0 1 1 
33 24 14 9 7 4 1 1 2 1 
21 27 15 9 7 2 1 1 2 3 
22 27 15 13 3 0 0 -4 -6 -5 
56 37 16 9 -1 1 -4 -9 -8 -8 
69 40 13 3 0 0 -5 -10 -11 -5 
69 38 5 2 1 2 -11 -13 -10 -4 
68 38 3 2 3 6 -12 -14 -7 -4 
68 35 6 1 1 6 -11 -14 -8 -4 
66 33 11 -1 2 3 -10 -13 -9 -5 
68 36 11 2 5 4 -8 -10 -9 -3 
68 38 7 5 5 5 -7 -13 -6 -5 
64 38 4 3 6 1 -10 -17 -8 -7 
63 39 4 1 6 1 -10 -16 -11 -5 
64 41 7 1 6 3 -8 -15 -10 -4 
63 40 10 3 6 4 -8 -12 -10 -6 
63 36 9 5 7 1 -8 -12 -9 -4 
61 37 9 10 6 -5 -7 -12 -9 -5 
53 42 19 13 2 -6 -9 -10 -6 -8 
51 40 22 11 4 0 -8 -10 -6 -5 
39 29 19 12 7 3 -3 -7 -7 -8 
27 24 16 13 10 5 -4 -7 -2 -6 
