26 24 14 20 14 4 -1 3 4 -1 
21 19 10 9 5 -1 0 1 -2 -1 
32 31 14 10 4 -3 0 -2 -5 -3 
34 32 19 4 3 -1 -5 -5 -2 -4 
31 28 19 7 7 3 -3 -2 2 0 
31 29 14 14 9 4 2 2 3 1 
35 23 11 11 4 12 5 5 4 2 
34 25 10 9 4 12 7 5 3 1 
19 22 5 14 10 2 -4 4 3 2 
20 16 12 19 10 4 -4 3 4 3 
20 22 17 16 9 7 -1 1 1 -1 
12 28 10 14 13 7 -3 4 1 0 
13 22 14 16 10 11 3 6 2 5 
36 29 15 14 3 -3 -3 -1 0 -1 
97 21 -17 1 0 -13 -5 -2 -3 -2 
96 19 -14 -1 -2 -11 -6 -2 -3 -2 
62 31 13 10 7 4 4 2 2 -1 
54 33 17 18 13 6 3 -3 5 -3 
24 20 15 13 11 7 8 1 7 0 
22 27 17 16 13 7 12 5 3 3 
26 30 17 20 12 4 9 4 1 2 
24 23 19 15 8 5 5 2 1 1 
21 23 19 14 7 7 8 4 3 -2 
24 27 18 16 12 10 9 7 3 -1 
19 23 14 18 13 8 4 3 2 3 
52 25 10 23 22 8 -3 -5 -1 -1 
53 23 13 21 23 7 -2 -5 -1 -2 
22 26 19 13 10 5 5 2 1 2 
20 29 20 16 16 6 4 4 7 4 
22 29 16 15 11 10 9 5 9 3 
