54 32 14 4 5 -4 -4 -2 -6 -11 
48 29 11 1 -2 -3 -4 0 -4 -11 
48 33 14 0 -4 -3 -4 -3 -6 -14 
54 31 7 5 1 -2 -10 -3 -7 -13 
54 33 2 2 3 -5 -12 -4 -6 -11 
50 32 3 1 -1 -10 -9 -7 -8 -13 
51 31 6 2 0 -8 -8 -8 -12 -14 
55 33 6 1 2 -8 -4 -7 -8 -8 
53 42 5 8 4 -8 -3 -5 -8 -4 
43 42 18 15 6 -6 -11 -6 -10 -4 
34 24 15 6 -1 -5 -13 -11 -10 -3 
32 24 13 10 1 -4 -7 -9 -6 -3 
35 33 16 10 1 -4 -3 -6 -6 -11 
39 36 15 8 5 -3 -5 -7 -6 -11 
51 49 30 22 17 7 0 -7 -3 -4 
47 48 35 24 17 11 1 -7 -6 -5 
29 30 24 16 10 10 3 0 0 -3 
26 26 19 11 3 7 1 1 -1 0 
26 28 21 8 6 6 -1 2 -2 1 
28 25 22 15 12 10 -1 -2 -2 4 
28 24 21 17 12 6 2 -2 1 4 
27 24 13 11 6 -1 3 3 3 -1 
21 22 9 8 1 5 3 2 -1 -5 
15 20 13 9 3 3 -1 -1 -3 0 
18 24 16 12 7 1 4 4 0 3 
19 26 11 17 9 8 7 4 1 7 
25 28 15 18 10 10 3 6 4 9 
27 31 23 15 10 5 6 9 6 6 
28 27 17 13 11 3 4 3 5 4 
20 21 14 9 0 -2 1 -4 5 3 
