81 19 -2 1 -3 -11 -8 2 1 -10 
81 19 -4 -2 -4 -10 -6 3 1 -8 
113 22 -16 2 10 -9 -11 4 2 -8 
115 20 -10 6 8 -5 -13 1 2 -8 
116 24 -8 7 7 -7 -11 -1 2 -10 
115 24 -13 7 8 -11 -11 2 0 -11 
112 23 -10 10 4 -12 -6 5 -2 -9 
115 28 -8 9 3 -12 -1 2 -2 -9 
112 33 -9 5 4 -7 -4 1 -2 -10 
111 36 -13 3 -2 -5 -4 2 -4 -9 
111 36 -7 9 -1 -6 -2 5 0 -8 
111 36 1 5 2 -7 -4 5 4 -4 
109 37 -2 3 2 -4 -4 7 8 1 
102 40 -2 7 2 -1 -2 7 7 1 
75 42 10 7 2 -1 -3 4 4 -2 
46 40 20 14 14 7 -4 3 -3 -7 
34 34 20 16 14 9 -1 4 1 -7 
34 32 20 18 10 5 2 2 5 0 
29 31 16 10 9 7 3 7 6 5 
26 28 11 10 14 12 2 4 3 6 
25 23 10 6 6 8 -1 -2 3 3 
29 23 15 4 3 8 2 -1 1 0 
25 23 12 15 12 12 5 6 0 1 
24 22 11 19 11 12 5 6 4 2 
26 18 17 15 5 7 2 1 2 -4 
23 19 12 14 8 4 2 2 1 -3 
19 26 9 13 13 7 7 5 3 2 
11 21 11 15 14 8 8 8 2 5 
20 23 15 16 9 1 2 6 0 -1 
26 28 15 18 10 2 4 6 4 -2 
