26 21 17 13 8 5 4 6 1 0 
20 25 13 8 4 1 0 1 1 0 
14 24 8 10 4 -5 0 0 0 1 
19 22 13 12 8 6 2 1 1 3 
21 20 17 9 7 8 -1 -1 2 1 
25 28 21 14 15 11 7 6 4 2 
25 28 16 16 14 11 8 9 7 2 
18 26 15 7 3 1 -3 -2 5 -2 
29 24 22 12 12 2 -2 -1 3 2 
30 23 18 21 16 5 3 1 3 2 
30 24 13 16 14 8 7 3 6 3 
29 27 15 16 15 12 9 4 4 2 
27 31 17 17 18 13 8 1 0 -2 
32 29 18 19 18 8 6 3 3 1 
35 27 20 19 15 11 9 8 8 6 
31 30 22 19 10 14 10 4 6 6 
27 29 18 22 13 14 4 -1 1 4 
29 26 10 20 12 9 2 0 2 2 
27 28 18 16 9 6 3 2 1 2 
27 33 27 17 12 8 2 10 4 2 
24 30 24 18 13 10 3 12 6 -1 
25 26 14 9 5 5 2 4 4 -1 
26 28 15 14 7 5 2 0 1 4 
36 37 19 18 4 3 2 1 4 10 
43 34 17 19 3 5 2 1 6 7 
37 26 17 17 7 8 2 -2 2 2 
19 17 10 16 12 4 4 1 2 0 
21 23 15 16 15 -2 0 1 2 -1 
27 32 21 12 11 4 5 5 5 2 
27 32 22 19 14 10 11 11 10 7 
