42 26 11 9 2 3 0 0 0 0 
42 30 20 16 15 11 3 2 3 0 
43 32 18 9 13 9 5 5 7 1 
45 33 17 10 10 4 8 5 2 0 
46 38 24 16 12 10 11 9 8 8 
42 35 20 12 15 16 12 9 12 12 
37 33 16 13 13 13 14 6 10 7 
50 41 22 18 12 13 12 7 12 10 
52 38 24 17 12 11 12 9 10 8 
42 36 25 16 12 8 14 11 9 6 
44 42 28 16 13 8 10 12 7 5 
52 39 18 12 13 12 4 6 7 3 
56 32 17 14 13 11 5 6 9 4 
47 19 19 23 18 7 9 10 12 8 
84 25 10 16 16 13 3 -8 -8 -11 
87 28 7 16 14 15 2 -10 -7 -12 
41 33 20 19 10 8 8 4 8 7 
41 33 23 16 10 9 5 1 5 6 
44 32 17 15 15 11 3 -2 3 2 
41 34 13 14 14 13 2 2 5 2 
62 46 21 14 7 3 -7 2 4 -2 
77 -37 2 21 7 19 -6 -15 0 -4 
75 -38 1 20 6 19 -6 -15 1 -4 
72 17 1 22 20 14 -2 -8 -1 -1 
113 -6 -15 12 12 8 0 -10 -7 -14 
112 -7 -15 11 12 7 0 -10 -7 -15 
58 24 2 6 8 11 -2 -6 7 1 
63 17 7 3 12 16 -4 -6 5 -2 
63 19 8 3 11 11 -4 -6 5 -4 
71 26 -1 11 15 3 -2 -2 5 -5 
