24 30 13 18 14 9 -2 -6 -5 0 
22 30 16 18 11 9 4 -1 1 7 
28 25 24 18 9 5 1 1 1 0 
29 25 23 17 5 -3 -5 -2 -4 -8 
29 26 18 16 6 0 1 -4 -5 -5 
29 24 10 13 8 7 5 -2 -1 1 
27 27 15 13 9 3 0 0 -3 0 
28 34 13 14 10 6 3 -4 -6 -4 
31 34 10 13 8 6 4 -4 -3 -4 
33 30 18 14 8 -4 0 -1 2 0 
47 35 19 12 4 -5 -2 -3 0 -1 
53 38 23 13 4 1 -3 -1 -1 -1 
50 44 30 18 9 5 -3 0 0 -2 
56 48 32 22 14 7 -5 -2 2 0 
59 48 35 26 16 10 0 -2 2 -1 
58 49 35 25 11 10 3 5 6 -2 
52 49 30 24 13 10 4 5 3 -3 
42 38 23 22 20 11 6 2 -6 -8 
41 33 19 16 17 10 7 3 -5 -4 
41 34 15 16 12 13 9 5 -3 -3 
36 29 12 14 14 13 8 2 -2 -2 
31 23 13 14 10 11 8 3 2 -1 
29 21 15 10 5 10 11 4 1 -2 
30 23 16 10 10 9 6 -1 -4 -3 
31 26 19 15 12 8 -1 1 -4 -4 
37 30 20 10 10 9 1 3 -1 0 
33 33 17 12 12 3 4 1 4 2 
23 26 19 13 11 -1 1 0 6 0 
21 20 17 11 9 1 1 3 6 -1 
25 15 11 17 8 3 1 0 4 2 
