32 31 17 18 11 9 0 -3 1 4 
25 30 20 13 9 9 3 -3 -3 0 
33 31 21 15 13 12 5 0 2 2 
42 39 21 19 14 14 7 0 3 2 
46 45 21 16 14 11 6 2 4 4 
59 49 21 11 6 2 -1 2 8 4 
57 45 19 11 1 -1 0 0 5 4 
45 33 17 9 6 3 4 0 -1 5 
63 36 16 9 9 3 -2 -3 0 1 
67 37 19 15 10 3 0 -1 0 2 
49 40 28 23 15 8 8 5 0 1 
67 50 30 24 22 13 4 -1 -2 -4 
67 47 29 26 21 15 4 1 -1 -3 
58 44 28 27 20 17 11 7 7 2 
57 45 30 28 21 16 10 7 7 3 
47 42 26 20 14 12 4 2 3 1 
43 45 25 16 12 7 4 -3 -2 1 
42 37 24 20 15 8 3 -1 -3 3 
43 39 22 21 13 9 5 1 1 -2 
35 37 19 17 8 5 -1 -2 0 -6 
33 34 20 18 13 7 -4 -2 0 -2 
31 35 24 12 13 5 -5 -5 -1 -2 
33 38 29 15 12 7 4 2 5 5 
33 34 24 19 13 6 6 5 8 7 
30 32 18 17 14 6 4 1 2 0 
36 31 19 19 15 11 7 1 1 6 
40 28 16 18 16 8 7 4 -1 4 
35 29 6 10 11 1 1 0 -1 -3 
40 34 16 19 20 11 5 0 3 3 
44 37 21 19 18 8 -2 -1 1 1 
