26 14 17 11 8 1 -3 -1 2 2 
29 24 20 16 12 9 0 4 6 3 
24 25 19 17 12 10 3 6 4 2 
26 27 16 16 11 7 2 3 2 2 
27 30 19 16 15 10 3 2 4 2 
28 29 17 18 15 9 7 4 7 5 
31 31 15 16 11 5 6 6 7 7 
22 26 10 7 11 4 4 5 6 6 
22 24 14 15 17 10 6 8 9 4 
28 23 15 24 22 14 3 5 5 2 
32 24 10 17 17 7 -2 1 1 2 
31 30 16 15 15 7 3 5 1 6 
47 6 2 10 22 22 3 -7 0 -6 
48 8 3 11 23 23 4 -6 0 -6 
62 47 36 27 20 18 11 10 5 1 
46 39 31 20 19 10 7 4 5 4 
36 34 20 17 19 10 8 3 7 6 
27 30 15 17 14 8 4 -2 8 6 
72 58 27 13 5 1 1 -3 -6 -8 
72 56 29 13 4 0 1 1 -8 -11 
38 35 22 15 6 1 1 2 0 -5 
32 28 19 13 6 4 -2 -5 3 0 
32 25 14 13 5 3 -4 -4 7 2 
30 22 9 9 4 -1 -1 1 6 6 
28 23 15 8 3 0 0 3 3 5 
24 22 14 12 11 8 2 3 -4 -5 
24 23 10 7 9 -1 0 3 -2 -7 
30 28 15 11 13 3 3 7 0 -3 
26 29 18 15 14 9 7 5 -2 0 
26 23 9 9 11 5 8 5 4 2 
