103 57 16 11 10 -2 1 8 7 -8 
105 61 17 5 9 0 2 8 4 -7 
99 62 25 9 4 4 4 3 0 -4 
98 62 30 16 2 4 4 4 1 -5 
98 62 29 19 7 5 3 2 0 -5 
90 59 36 24 17 10 0 -1 -2 -7 
83 51 38 34 19 8 1 -1 -2 -8 
80 52 33 34 20 9 5 1 -3 -10 
76 59 32 29 20 15 12 2 -4 -9 
71 56 31 30 22 18 10 4 -1 -9 
65 54 34 27 22 17 8 6 3 -5 
63 52 36 23 22 16 9 8 -1 -5 
65 48 30 21 21 15 12 6 -3 -7 
62 48 28 22 15 12 9 2 -2 -6 
56 47 25 17 12 9 10 6 -2 -4 
49 35 20 13 11 9 11 8 0 -1 
44 34 20 12 12 12 8 8 -1 -1 
34 26 13 12 15 9 5 11 0 0 
25 20 11 19 16 9 2 9 5 4 
19 24 9 14 9 3 3 2 2 2 
15 19 11 7 8 7 4 3 2 -3 
22 27 13 9 8 11 7 8 9 0 
34 37 9 11 3 5 9 6 8 2 
28 27 14 10 6 9 8 3 4 4 
18 17 15 19 16 11 3 1 5 4 
17 16 14 16 11 4 -4 -2 3 3 
19 23 12 7 1 -2 5 2 4 -3 
27 30 11 12 7 6 13 8 7 1 
29 33 11 11 10 10 6 10 6 5 
33 29 10 13 10 8 2 7 5 3 
