110 56 14 8 1 -2 -3 10 6 -6 
110 54 14 8 3 0 0 11 6 -6 
102 53 19 9 3 2 7 11 5 -7 
86 48 24 16 9 7 8 8 3 -6 
88 49 26 11 6 4 3 4 2 -3 
99 54 22 5 2 1 1 6 5 -3 
106 58 20 7 1 -2 2 6 8 -3 
106 52 20 10 4 -2 0 9 8 -3 
102 53 19 10 3 0 -3 11 7 -2 
97 59 25 11 0 0 -1 9 10 0 
94 57 24 11 5 -1 4 7 10 1 
89 61 25 11 6 3 8 5 7 1 
83 62 27 12 5 5 11 7 2 -1 
76 54 21 18 11 7 9 8 2 -4 
64 49 22 23 20 13 7 5 2 -4 
53 43 25 24 20 15 4 -2 -3 -2 
40 30 18 16 15 10 7 -2 -1 -2 
25 28 22 14 11 12 6 0 2 -4 
16 25 17 12 6 11 6 1 1 -3 
39 32 11 9 9 6 3 3 5 4 
40 30 12 7 11 5 1 6 5 4 
24 27 15 9 8 8 1 3 2 -1 
20 20 14 11 6 6 0 3 0 -2 
22 16 10 11 5 5 4 6 3 -3 
29 20 12 12 6 7 5 6 7 -2 
25 27 20 12 6 4 2 8 7 1 
25 27 16 8 6 6 2 6 6 2 
27 17 12 11 8 7 6 9 5 2 
24 17 14 7 7 9 9 9 5 -2 
26 27 16 4 4 10 10 9 5 -3 
