29 31 23 16 -6 -13 12 -12 -7 -3 
25 39 22 12 -6 -15 11 -12 -11 2 
28 44 25 14 -4 -14 10 -8 -14 0 
39 40 25 7 1 -8 6 0 -12 0 
46 32 25 0 3 -13 2 0 -9 0 
52 19 28 1 -1 -15 -8 -4 -13 1 
70 20 32 -4 -2 -12 -3 -2 -13 -1 
94 20 17 -13 -10 -17 -12 -8 -3 13 
96 15 17 -12 -3 -16 -21 -9 -7 16 
94 13 13 -5 -2 -25 -23 -7 -12 13 
93 11 2 -9 -5 -35 -24 -3 -15 10 
99 20 -3 -2 1 -29 -24 -4 -15 8 
95 17 0 1 1 -29 -21 -2 -21 8 
88 10 8 1 3 -26 -20 -2 -17 11 
100 16 10 0 8 -22 -18 -3 -10 12 
107 17 12 -5 6 -22 -18 -1 -12 9 
97 24 7 -7 3 -24 -18 -4 -10 10 
82 17 13 -1 -5 -29 -9 -5 -13 11 
75 11 18 3 -4 -29 -9 -7 -16 5 
61 7 15 2 -5 -32 -10 -6 -19 4 
46 4 9 -5 -10 -34 -5 -5 -14 4 
53 10 10 0 -11 -33 -1 -11 -8 5 
53 6 13 9 -9 -29 -6 -7 -10 3 
61 8 14 9 -6 -24 -9 -9 -17 -1 
65 16 16 4 -1 -28 -7 -14 -16 5 
61 18 17 2 6 -31 -3 -14 -13 6 
52 20 10 3 10 -22 -1 -8 -15 5 
60 27 9 2 4 -20 -8 -8 -13 7 
69 32 16 2 4 -18 -9 -9 -9 4 
69 35 15 -1 12 -18 -13 -12 -2 0 
