70 44 23 25 24 4 -4 -3 -8 -8 
75 40 18 18 20 6 -4 -3 -8 -8 
70 33 12 19 20 6 -1 -1 -3 -5 
86 20 -13 10 19 4 1 -4 -1 -7 
89 23 -10 11 18 4 1 -6 -3 -8 
69 41 24 23 11 -1 -5 -3 -6 -9 
64 34 22 28 17 -2 -4 0 -4 -9 
59 39 23 30 17 2 -3 -1 -6 -10 
51 49 32 30 18 11 -1 -6 -9 -7 
56 36 25 31 21 9 2 0 -6 -8 
62 37 22 27 14 3 -5 -2 -4 -8 
60 44 28 25 11 2 -6 -4 -4 -7 
67 28 13 26 25 10 -5 -4 -1 -7 
64 25 13 27 26 12 -3 -2 2 -6 
60 43 30 25 19 7 -1 -5 -5 -4 
67 49 28 24 21 10 -1 -3 -8 -9 
68 50 26 25 20 15 1 -3 -10 -12 
70 50 22 26 21 9 3 -1 -2 -9 
69 45 26 25 17 2 6 -2 -3 -12 
69 40 25 20 18 5 0 -6 -8 -16 
68 40 23 20 17 4 -6 -3 -7 -15 
65 39 22 21 11 2 -1 1 -5 -9 
65 36 23 24 16 9 1 -2 -1 -8 
55 35 26 27 22 11 1 -4 -2 -7 
42 35 25 22 20 8 -1 -3 -6 -4 
32 19 19 16 10 3 -6 -5 2 0 
37 26 26 17 12 7 -3 4 7 5 
37 34 25 14 13 9 3 9 2 0 
29 29 19 14 12 6 1 1 0 -3 
23 30 16 15 8 3 1 -3 -1 -2 
