62 53 29 21 12 6 5 -3 0 -5 
66 51 30 23 14 8 2 -4 -1 -6 
67 49 32 27 19 8 -2 -2 -3 -7 
66 55 30 27 17 7 -3 -2 -1 -9 
66 50 29 27 18 5 -3 -1 -2 -7 
67 39 27 31 17 2 -3 -2 -3 -6 
63 39 26 29 20 4 -4 -2 -5 -6 
62 43 29 28 23 10 4 1 -6 -4 
66 44 26 30 22 14 9 4 -3 -7 
74 47 27 33 19 11 7 4 -7 -14 
77 51 29 32 19 9 5 -2 -10 -15 
79 47 30 30 14 0 2 -1 -7 -8 
81 41 29 29 11 -1 0 2 -9 -7 
79 40 25 28 16 -2 -4 1 -9 -12 
81 35 13 21 13 -5 -6 -2 -5 -10 
76 36 6 14 10 -2 -6 -3 -3 -8 
63 39 11 13 7 1 -6 -4 -5 -7 
65 39 14 16 2 -6 -5 -5 -6 -8 
62 33 10 18 2 0 2 -7 -9 -10 
52 29 12 17 6 6 4 -6 -10 -11 
48 34 12 5 1 -6 -6 -6 -9 -9 
46 36 11 7 4 -3 -2 -1 -8 -10 
31 27 18 13 6 7 3 2 4 2 
31 29 21 13 1 0 5 -2 7 5 
31 26 14 9 3 2 7 -4 3 6 
33 24 8 11 10 8 7 0 1 2 
34 21 13 10 7 8 6 1 1 0 
30 23 15 9 9 9 4 -1 2 2 
29 33 15 10 11 10 4 2 5 3 
30 34 13 6 8 12 6 5 6 5 
