86 42 27 19 2 -1 1 -1 -1 0 
80 50 30 20 4 -2 1 1 2 -1 
68 57 31 18 7 -1 2 -1 1 -1 
55 50 31 19 7 1 3 -4 -4 -6 
63 49 30 19 4 -4 -7 -10 -4 -3 
71 52 33 25 6 -1 -11 -14 -5 -4 
78 53 30 22 5 0 -8 -10 -5 -7 
79 52 29 18 1 -1 -3 -8 -6 -8 
78 49 28 14 -3 -3 -3 -3 -5 -10 
87 49 27 9 -4 -5 -2 2 -4 -5 
91 49 28 13 -3 -4 3 1 -4 -3 
90 47 33 17 -5 2 7 -2 -3 -4 
91 44 34 21 -6 3 4 2 -2 -4 
86 44 30 23 -1 -3 5 3 0 -2 
76 47 33 22 -2 -7 2 2 0 -1 
69 49 29 12 -4 -7 0 -1 -4 -7 
64 46 25 4 -3 -2 -1 -7 -4 -5 
54 41 29 11 -1 0 1 -1 -3 -2 
45 40 28 22 9 5 1 -3 -6 -4 
39 37 26 26 11 5 -1 -3 -4 -5 
30 30 23 23 13 9 3 3 0 -6 
28 25 18 12 8 12 5 -2 -2 -4 
26 24 19 14 7 9 8 2 0 -1 
22 26 16 20 8 8 8 3 -1 0 
13 24 18 17 6 10 8 4 1 1 
17 26 19 11 9 13 12 5 1 1 
29 25 13 9 14 13 9 6 2 -1 
25 21 20 13 13 8 4 6 0 1 
29 29 22 15 11 7 2 2 -4 -2 
31 29 17 13 9 6 -1 -2 -2 -4 
