33 26 18 15 14 8 2 2 -5 -3 
32 34 21 16 15 9 6 -2 -4 -2 
34 37 19 14 14 3 2 0 -2 -1 
40 39 23 10 6 -2 -6 -1 -5 -2 
42 38 19 10 1 1 -6 1 -3 -2 
45 40 13 5 -6 -7 -9 -3 0 2 
51 39 21 10 -4 -10 -7 -5 1 2 
58 40 21 19 1 -3 -5 -6 -3 -4 
61 42 22 19 8 0 -9 -6 -3 -7 
58 43 24 15 10 0 -10 -5 0 -3 
57 46 24 16 13 2 -11 -5 -1 0 
55 45 26 20 13 1 -8 -4 -2 -3 
57 47 29 19 6 -2 -4 -5 -2 -1 
58 43 28 18 7 3 -9 -6 -1 -1 
60 40 31 23 8 2 -7 -6 -4 -6 
67 44 32 21 7 -2 -2 -5 -7 -9 
65 47 28 20 7 -2 -3 -5 -7 -6 
66 46 24 19 7 0 -2 -6 -6 -6 
71 44 22 15 3 -2 0 -2 -7 -8 
74 45 20 11 0 -9 0 -2 -3 -4 
83 46 19 8 -4 -12 3 1 2 -2 
90 51 23 11 -5 -9 5 3 2 -2 
90 52 24 13 3 -6 -1 0 0 0 
79 50 23 15 7 -5 -6 0 3 -6 
75 48 28 17 2 -10 -6 -2 1 -10 
83 52 37 18 -2 -11 -2 -5 -6 -9 
83 55 40 21 -2 -10 -6 -9 -7 -11 
82 55 36 23 -2 -12 -9 -11 -8 -8 
77 54 28 19 1 -14 -13 -9 -9 -7 
70 48 26 19 2 -11 -12 -11 -9 -9 
