26 22 19 12 9 9 -2 -3 1 1 
29 27 17 10 8 8 1 1 1 0 
28 31 20 13 5 2 3 2 1 -2 
24 29 20 17 9 -2 0 -2 -1 -4 
27 30 19 19 11 6 5 4 1 -3 
27 29 22 17 6 16 7 6 1 2 
23 31 20 15 5 15 5 2 4 3 
35 35 20 20 12 9 -1 -1 3 -3 
48 41 26 25 20 5 1 0 -3 -3 
62 47 26 25 15 -2 -1 -3 -2 -2 
74 48 24 19 3 -5 1 0 -1 1 
73 51 22 12 1 -6 5 2 -2 5 
74 55 24 9 4 -9 -4 0 -1 3 
75 52 23 13 1 -11 -6 -6 -4 -2 
78 51 21 18 0 -9 -9 -9 -5 -8 
80 46 20 17 -1 -7 -10 -7 -5 -11 
78 45 14 7 -4 -8 -7 -6 -8 -11 
81 52 10 -1 -3 -7 -5 -6 -13 -10 
81 46 9 1 -4 -6 -7 -6 -11 -8 
80 45 9 6 -6 -8 -7 -6 -7 -10 
77 44 12 4 -9 -10 -6 -7 -6 -11 
75 41 15 3 -13 -12 -7 -9 -8 -12 
76 38 11 3 -11 -14 -9 -9 -9 -11 
76 39 7 1 -10 -16 -11 -9 -9 -13 
79 40 7 2 -13 -18 -11 -8 -7 -15 
84 9 -1 10 -10 -11 -6 -9 -9 -13 
87 11 1 9 -10 -9 -4 -5 -7 -10 
94 37 10 1 -6 -12 -4 5 1 -8 
96 39 5 -3 -1 -10 -6 1 2 -6 
92 35 -4 -6 -6 -16 -13 -4 -2 -10 
