19 -20 39 26 9 1 -4 -11 -11 -8 
8 -9 32 28 5 -2 -5 -8 -10 -5 
12 -2 26 23 4 -1 -5 -9 -11 -4 
19 1 26 20 7 1 -9 -8 -8 -6 
38 15 38 11 4 -15 -4 -7 -4 -3 
41 13 34 4 3 -14 -4 -7 -4 -4 
32 12 24 4 4 -12 -7 -9 2 -2 
50 10 11 2 7 -11 -9 -12 2 0 
72 2 9 0 8 -8 -7 -10 -1 -1 
68 7 14 1 7 -7 -2 -8 -3 -2 
69 4 18 2 5 -6 0 -4 -7 0 
66 2 26 6 5 -4 1 -6 -10 -4 
50 8 44 19 7 -3 -9 -11 -8 -10 
88 5 0 3 1 -15 -13 -6 -3 -5 
93 -2 -3 -5 -3 -15 -11 -2 -2 -5 
96 -13 -4 -12 -5 -14 -11 0 1 -4 
104 -23 -13 1 8 -14 -3 -1 4 6 
102 -14 -3 0 4 -19 1 -6 0 3 
100 -10 1 0 2 -16 -5 -10 -2 6 
72 8 2 5 6 -7 -4 -8 -6 4 
58 17 11 6 5 -10 -2 -6 -6 0 
60 20 17 5 10 -10 -1 -4 -4 -3 
57 0 32 16 10 -7 -8 -7 -5 -5 
57 0 33 21 9 -3 -10 -9 -7 -6 
43 18 33 17 5 -7 -4 0 -8 -7 
37 11 31 19 7 -9 -2 1 -11 -5 
39 4 27 15 7 -7 0 -1 -10 -4 
42 6 30 13 8 -3 -3 -3 -10 -7 
44 10 26 9 5 -5 -11 -3 -5 -2 
48 7 19 9 0 -8 -6 -6 -4 2 
