105 22 9 15 -6 -10 -5 0 -2 -7 
104 16 5 10 -4 -9 -7 -1 -4 -10 
109 21 5 17 -1 -13 -3 5 -3 -9 
109 22 6 22 -3 -14 -4 5 -1 -7 
109 21 8 22 2 -13 -7 4 0 -7 
113 22 10 16 2 -9 -5 6 -1 -8 
110 26 10 9 1 -5 -4 5 -4 -12 
107 23 8 14 5 -6 -4 7 -1 -13 
111 20 4 21 7 -8 -5 7 2 -10 
103 -4 8 23 5 -1 3 1 -3 -9 
104 -6 8 22 5 -2 5 2 -3 -9 
108 20 2 14 4 -11 3 8 0 -8 
100 39 5 3 6 1 6 8 4 -4 
94 45 13 10 8 0 6 9 3 -5 
90 47 15 9 5 -2 6 10 0 -8 
67 42 20 16 5 -1 1 5 3 -8 
45 33 18 19 12 11 3 -1 0 -2 
36 28 19 14 11 4 5 -1 -2 1 
22 30 26 16 9 4 6 1 2 3 
26 24 20 13 9 7 7 4 2 -1 
25 22 11 6 3 2 5 6 3 -2 
25 23 12 12 7 2 4 9 4 -1 
17 20 14 14 15 10 8 8 8 0 
15 21 13 12 13 9 10 8 11 3 
18 21 14 12 6 9 10 7 5 2 
25 21 12 12 8 10 6 3 5 3 
31 28 17 18 13 10 3 -2 4 2 
28 26 22 17 16 14 2 3 2 1 
27 24 14 10 16 14 3 5 4 3 
25 22 10 9 12 11 5 2 4 3 
