73 43 10 5 -15 -13 -14 -7 -5 -9 
76 35 16 6 -12 -15 -7 -6 -3 -5 
74 36 15 7 -10 -12 -5 -5 -3 -7 
77 43 13 6 -5 -9 -8 -8 -7 -11 
75 42 12 7 0 -10 -11 -10 -8 -11 
77 38 9 6 4 -11 -9 -10 -9 -9 
83 37 15 7 0 -9 -7 -10 -7 -5 
82 37 18 10 -5 -9 -9 -5 -8 -5 
81 36 14 10 -5 -8 -10 -6 -10 -8 
85 38 12 10 -5 -8 -7 -4 -10 -11 
88 39 11 10 -4 -9 -8 -4 -8 -10 
90 41 10 8 -3 -9 -9 -6 -5 -9 
92 43 9 9 -5 -8 -11 -7 -3 -9 
90 41 12 10 -7 -8 -13 -6 -7 -9 
80 43 18 12 -8 -11 -9 -6 -10 -10 
78 40 13 11 -5 -8 -8 -6 -4 -8 
112 -18 -21 6 14 14 -4 7 6 -12 
117 -11 -15 9 17 14 -1 5 6 -12 
98 37 21 19 4 0 5 5 -1 -3 
87 36 22 24 8 1 4 5 -5 -6 
54 55 29 15 5 3 -6 -5 -6 -6 
42 50 28 14 8 9 -1 -7 -4 -6 
29 32 21 17 15 15 6 -3 -1 -7 
29 27 18 21 12 7 2 0 -1 -3 
29 28 17 22 9 6 5 2 -2 -2 
27 23 13 19 8 2 1 3 -3 -3 
24 22 12 12 10 3 -4 0 0 -2 
25 25 13 13 11 7 -6 -3 1 0 
31 25 16 15 7 6 0 2 3 -1 
25 22 17 12 5 5 4 3 1 1 
