25 20 7 9 11 8 3 2 -3 -1 
22 16 8 8 7 9 6 5 -3 -1 
21 25 15 9 5 10 6 4 -6 -4 
23 27 12 9 7 6 2 2 0 -2 
26 22 14 5 6 4 2 1 5 -1 
25 26 20 7 6 2 2 1 3 -2 
22 25 20 8 6 3 7 3 0 -1 
25 23 10 10 12 6 7 2 6 7 
25 26 10 13 12 5 2 2 9 7 
17 27 20 13 4 3 4 2 3 0 
17 24 19 12 9 5 5 0 0 -1 
40 31 17 6 1 -1 -6 -2 -1 -1 
78 37 10 8 3 -2 -6 5 8 1 
95 35 1 7 3 -3 -9 7 10 -1 
104 34 -8 5 4 -8 -14 6 9 -1 
99 37 -7 8 6 -9 -9 4 9 -2 
80 41 10 11 5 1 -3 -1 4 -6 
79 40 12 11 5 1 0 0 1 -4 
83 39 12 10 2 -2 2 -2 -1 -3 
83 39 12 7 2 -1 0 -2 0 -3 
78 38 12 9 5 4 2 2 2 -4 
108 22 -11 9 2 -9 -6 6 9 -2 
108 24 -10 9 6 -11 -5 9 7 0 
86 28 2 9 11 -2 5 17 12 3 
90 37 4 12 10 3 2 12 10 -3 
86 40 9 23 13 4 -5 4 5 -8 
86 39 10 19 10 3 -2 3 6 -7 
77 45 11 13 10 4 0 -2 4 -9 
73 45 15 16 11 4 -1 -2 2 -10 
82 43 18 22 13 1 1 1 4 -6 
