69 33 11 12 4 1 7 8 1 -2 
68 33 14 7 1 4 2 7 1 -4 
44 35 28 11 6 8 -7 -6 -7 -5 
45 33 22 10 1 5 -4 -7 -5 -7 
50 38 23 13 1 3 0 -6 -8 -5 
57 43 23 13 1 2 -2 -5 -8 -6 
60 46 26 13 -2 -4 -5 0 -5 -9 
65 48 25 16 -2 -10 -4 -1 -3 -9 
86 32 3 18 6 -11 -5 1 6 -7 
88 32 7 15 6 -7 -7 2 5 -7 
93 26 2 9 7 -4 -7 4 6 -5 
97 22 -4 10 7 -7 -5 5 3 -4 
86 27 9 14 0 -5 0 -1 -2 -3 
93 17 -5 11 4 -6 -1 1 4 -3 
97 19 -5 12 8 -7 0 5 6 -2 
82 34 18 20 0 -9 2 0 -3 -2 
95 17 -5 12 2 -6 -3 1 3 -3 
95 16 -6 14 1 -5 -4 1 4 -5 
80 26 10 24 -4 -13 -4 -1 2 -3 
78 22 13 23 -8 -12 -2 0 0 -1 
77 15 16 25 -8 -11 -2 -1 0 -2 
78 7 8 25 -1 -10 -1 1 0 -2 
75 4 12 25 -1 -9 1 2 -2 -1 
72 7 18 30 -4 -13 -1 1 -2 -1 
76 11 16 32 -3 -17 -1 4 -3 1 
76 14 19 27 0 -15 -1 4 -6 2 
79 16 18 25 3 -14 3 3 -8 0 
80 13 18 21 3 -8 6 6 -6 -2 
86 13 15 22 -1 -3 9 9 -1 -2 
111 4 -10 16 -1 -11 6 11 -1 -4 
