119 6 -17 5 1 -15 3 7 -2 -4 
120 11 -14 8 3 -13 0 5 1 -3 
120 12 -10 11 4 -12 0 6 -2 -2 
121 10 -10 9 3 -14 3 5 -2 -2 
118 9 -13 7 7 -18 4 3 1 1 
115 16 -15 9 10 -13 0 6 6 1 
119 21 -7 14 9 -2 1 10 7 2 
118 26 2 15 11 2 1 10 6 1 
105 42 13 18 6 2 4 9 3 -1 
84 51 28 24 6 -1 3 3 3 3 
48 43 37 28 22 17 13 11 8 7 
46 43 29 25 21 18 12 8 8 6 
35 34 21 24 16 11 9 3 5 5 
31 31 25 21 14 10 9 8 8 6 
39 34 30 25 11 8 10 13 12 5 
37 35 32 25 14 10 10 14 9 4 
23 31 29 21 20 13 4 4 2 4 
21 29 22 18 15 14 10 7 7 10 
22 33 23 19 14 14 11 7 6 8 
25 36 23 16 16 15 8 4 4 2 
24 29 20 17 10 8 5 6 2 1 
27 31 16 21 14 8 7 6 2 1 
34 28 11 17 15 12 6 2 3 2 
21 20 10 13 15 9 4 -1 6 4 
16 17 15 15 9 5 2 1 6 1 
24 27 20 11 6 6 5 2 4 -1 
26 33 22 14 5 6 10 1 1 1 
27 27 18 16 9 10 10 0 -2 -1 
26 23 14 12 11 9 4 -3 -2 -4 
25 24 14 12 9 4 1 -3 3 -1 
