68 33 8 19 14 -2 -7 -6 -3 2 
67 38 8 18 19 -4 -5 -4 -2 0 
69 34 9 15 16 -4 -5 -3 0 -4 
71 30 4 15 9 -5 -12 -2 1 -4 
78 40 4 14 10 -7 -16 -5 4 -4 
78 39 7 13 14 -7 -14 -7 3 -1 
77 26 2 12 10 -4 -7 -4 0 3 
83 26 -3 12 11 -3 -7 -3 0 0 
83 30 -1 11 15 -2 -7 -3 -1 -3 
84 28 -1 10 8 -6 -7 -1 1 -3 
88 26 -5 10 9 -6 -8 -3 1 -3 
89 22 -3 8 13 -6 -15 -4 1 -6 
95 21 -3 10 10 -4 -16 1 0 -7 
98 26 -3 15 13 -1 -9 1 -3 -2 
95 22 -4 15 17 -1 -9 -3 -1 1 
89 22 -5 14 14 -2 -7 -5 0 -2 
92 27 -7 12 16 2 -3 -5 -1 -1 
91 27 -9 13 19 2 -7 -3 -3 -2 
90 27 -3 13 14 -4 -12 -2 -2 -4 
96 25 -5 14 15 -4 -14 -2 5 -3 
96 25 -5 17 19 -2 -12 0 6 -2 
95 24 -7 15 18 -6 -11 1 2 -4 
96 26 -9 14 15 -12 -13 0 1 -8 
96 16 -12 15 19 -2 -11 -6 -3 -7 
94 16 -8 17 22 6 -7 -1 -2 -4 
95 16 -6 18 23 2 -8 0 -2 -5 
98 15 -8 17 21 -4 -10 -1 -3 -7 
97 22 -5 19 19 -7 -11 -3 0 -6 
93 18 -11 18 18 -5 -16 -7 5 -3 
96 17 -15 12 17 -4 -18 -4 5 0 
