96 25 -5 17 19 -2 -12 0 6 -2 
95 24 -7 15 18 -6 -11 1 2 -4 
96 26 -9 14 15 -12 -13 0 1 -8 
96 16 -12 15 19 -2 -11 -6 -3 -7 
94 16 -8 17 22 6 -7 -1 -2 -4 
95 16 -6 18 23 2 -8 0 -2 -5 
98 15 -8 17 21 -4 -10 -1 -3 -7 
97 22 -5 19 19 -7 -11 -3 0 -6 
93 18 -11 18 18 -5 -16 -7 5 -3 
96 17 -15 12 17 -4 -18 -4 5 0 
96 14 -10 10 14 -4 -14 -1 3 -2 
89 12 -11 15 16 -1 -11 -1 1 -5 
96 20 -7 16 20 3 -12 -2 3 -5 
103 28 1 16 20 6 -9 -2 2 -5 
98 41 4 13 11 7 -2 -1 -5 -5 
98 40 1 3 6 5 -1 4 1 -7 
94 37 2 1 7 5 3 5 4 -5 
74 44 12 7 2 4 4 5 2 -4 
57 46 23 16 8 4 2 5 1 -6 
40 35 21 15 14 3 2 5 4 -4 
35 31 19 11 12 4 4 4 3 -1 
28 26 18 15 10 4 1 -4 -1 0 
28 29 17 14 9 4 4 0 1 5 
25 29 18 10 10 6 3 6 1 1 
22 24 20 13 7 6 2 4 0 -3 
33 24 22 17 6 6 7 1 -1 1 
37 24 18 15 8 6 2 1 1 3 
30 28 18 15 10 7 1 3 3 3 
18 32 28 17 6 9 3 3 3 -3 
21 30 23 15 11 12 2 -1 3 -3 
