83 34 5 14 14 -1 -12 -7 1 -7 
88 39 4 12 13 2 -13 -12 2 -4 
90 41 7 15 14 3 -8 -13 -3 -1 
90 37 12 19 18 4 -11 -10 -10 -4 
92 38 9 20 19 3 -11 -7 -11 -8 
91 35 8 25 16 0 -15 -8 -5 -8 
92 35 9 25 15 -5 -16 -7 -3 -6 
92 35 9 23 16 -7 -15 -3 -3 -7 
94 32 6 19 14 -5 -13 -4 0 -3 
97 33 -1 15 15 -5 -11 -6 0 -2 
98 34 -5 14 18 -6 -13 -1 -2 -4 
96 27 -3 14 13 -4 -14 -4 1 -1 
93 28 -2 14 14 -7 -13 -8 3 2 
92 32 -3 13 16 -8 -12 -5 -1 -2 
92 32 -2 11 13 -6 -9 -4 -3 -3 
89 28 2 11 9 -3 -8 -4 -3 -2 
91 24 1 14 8 -4 -10 -2 -1 -4 
94 24 -1 16 10 -7 -16 0 5 -7 
92 20 -3 15 10 -9 -15 1 6 -3 
92 16 -7 14 12 -6 -12 -1 4 0 
89 20 -4 13 12 -6 -15 -2 3 -1 
90 21 -4 17 13 -9 -14 2 5 -2 
95 18 -4 21 17 -7 -11 3 3 -1 
98 25 1 24 17 -4 -11 2 2 -3 
98 32 6 20 15 4 -5 1 3 -7 
95 29 2 17 17 9 -1 1 4 -5 
95 31 -1 9 14 8 0 2 4 -3 
89 38 3 -1 6 7 5 6 5 -3 
76 41 6 -2 3 7 9 10 5 -1 
59 41 19 6 4 7 8 11 5 -3 
