30 32 22 11 7 7 0 3 2 -4 
37 29 19 13 9 5 0 1 -1 -3 
31 26 18 21 9 0 0 -6 -4 -5 
30 26 21 14 7 1 0 -5 -4 -7 
32 25 19 13 10 2 -2 -4 -5 -6 
34 26 15 10 11 -1 -2 -4 -5 -4 
37 30 15 10 12 4 -2 -6 -6 -2 
35 30 20 16 15 4 -1 -7 -9 -3 
35 31 19 13 7 0 -2 -10 -10 -2 
34 34 20 17 9 3 -1 -10 -8 -3 
33 36 24 21 12 0 -6 -8 -5 -5 
39 31 18 13 6 1 -6 -7 -8 -5 
34 29 16 13 9 0 -4 -8 -8 -7 
37 34 17 15 8 -1 -4 -5 -5 -10 
42 37 22 13 8 3 -5 -2 -3 -7 
32 35 18 12 8 6 0 -1 -4 -6 
28 27 8 8 8 3 1 -1 -4 -3 
29 23 10 7 7 5 -3 -1 -4 -1 
25 23 12 9 5 6 0 -2 -5 -3 
27 23 22 16 12 6 4 5 -1 -2 
27 26 24 16 10 1 4 10 4 1 
24 28 19 15 7 4 4 5 6 3 
20 29 18 18 7 7 -1 1 4 4 
23 26 15 19 7 5 -2 1 4 2 
32 25 16 19 7 7 2 4 7 -2 
27 28 17 12 13 8 3 7 8 -1 
24 27 12 9 11 8 -1 2 5 3 
26 26 9 12 9 8 -1 -2 5 4 
22 22 14 10 12 4 -2 -4 3 4 
21 23 13 8 10 3 0 1 7 8 
