-22 -9 33 18 -9 -7 4 -7 -1 8 
-11 -9 36 21 -3 -10 9 2 4 5 
-6 -10 43 28 -5 -12 10 6 4 4 
-7 -7 51 25 -15 -14 5 2 2 5 
0 -12 43 7 -22 -10 2 0 -5 4 
3 -12 42 1 -11 -11 -4 3 -6 1 
16 -1 43 -3 -9 -18 -7 3 -5 3 
86 2 17 -16 -25 -38 -21 2 -2 9 
113 -14 3 -8 -16 -26 -23 -5 -6 9 
110 -17 12 -6 -9 -23 -19 2 -5 9 
102 -12 15 -6 -10 -23 -17 3 -2 11 
104 -7 15 -4 -15 -23 -17 -6 -6 10 
98 -7 9 -6 -12 -27 -18 -13 -10 6 
95 -9 8 -6 -8 -28 -18 -7 -6 7 
92 1 9 4 -9 -26 -16 -3 -1 7 
87 -1 8 4 -5 -26 -16 -6 -5 7 
80 -5 6 -2 -7 -27 -20 -8 -6 9 
81 5 10 -1 -7 -22 -19 -3 -1 10 
83 -2 6 6 -9 -18 -20 -5 4 6 
87 -8 3 7 -12 -19 -19 -6 6 5 
73 -8 8 6 -16 -20 -10 -3 -3 9 
61 -11 6 5 -14 -17 -9 -3 -4 9 
65 -9 8 6 -13 -16 -10 -3 -2 10 
73 -10 16 8 -9 -22 -2 -3 1 7 
72 -12 12 8 -8 -24 -5 -2 2 6 
75 -10 10 6 -15 -29 -10 -2 1 6 
75 16 19 8 -19 -21 -10 -5 0 7 
81 15 17 9 -16 -21 -14 -4 2 7 
84 17 23 8 -10 -23 -8 -7 3 11 
68 23 37 13 -9 -19 -4 -14 -2 8 
