63 35 23 21 3 -11 -9 -8 -3 -1 
64 29 12 10 -5 -10 -8 -5 -2 -2 
63 27 9 6 -1 -7 -7 -4 -3 -1 
63 24 10 10 -4 -7 -4 -3 -4 -1 
68 27 8 9 -6 -9 -1 -2 -4 0 
64 24 10 12 -4 -12 0 -3 -5 1 
41 11 10 19 -3 -9 0 -4 -3 4 
48 21 10 19 1 -7 -1 -5 -5 -2 
57 27 15 15 0 -9 -4 -5 0 -3 
64 23 19 20 0 -7 -3 -9 -2 -2 
63 20 23 26 3 -4 -3 -10 -5 -4 
60 27 25 26 3 -6 -6 -9 -5 -4 
62 28 20 25 1 -8 -8 -5 -2 -1 
69 28 24 27 0 -11 -10 -5 -3 -1 
74 30 31 25 -2 -10 -7 -5 -7 -3 
76 35 34 22 -8 -11 0 0 -6 -7 
70 34 28 24 -4 -12 -2 -2 -5 -8 
64 25 20 23 1 -12 -8 -6 -5 -8 
67 19 21 18 -1 -10 -11 -12 -5 -4 
69 18 21 17 -5 -12 -13 -15 -10 -7 
67 20 22 21 -10 -18 -11 -11 -11 -11 
57 18 23 25 -12 -17 -5 -14 -11 -10 
59 23 28 27 -4 -7 -1 -11 -13 -9 
62 27 26 24 0 -3 -4 -7 -12 -5 
67 34 18 15 1 -4 -4 -3 -5 -1 
64 38 14 12 4 -4 -2 0 -2 0 
53 30 17 21 9 2 -2 0 2 -2 
59 36 26 30 16 4 -5 -2 -3 -7 
65 48 30 34 24 10 -3 -4 -8 -8 
61 52 34 33 19 14 1 -7 -7 -3 
