73 31 16 19 0 -10 -8 -3 -2 -6 
76 25 21 18 2 -7 -6 -2 -4 -5 
77 24 19 19 3 -3 -6 -7 -7 -4 
79 21 18 23 1 -4 -3 -8 -9 -8 
80 18 16 15 -8 -10 -2 -1 -3 -8 
76 12 10 12 -10 -10 -2 -2 0 -2 
83 13 9 17 -8 -13 -3 -7 -4 -1 
81 11 13 16 -12 -17 -5 -12 -5 -4 
74 10 16 11 -17 -21 -5 -12 -8 -4 
73 9 13 12 -19 -21 -6 -8 -10 -5 
71 11 14 15 -24 -26 -7 -9 -8 -12 
72 18 22 19 -22 -30 -6 -4 -4 -6 
77 21 22 22 -16 -31 -5 -1 -4 0 
82 17 17 14 -14 -20 -2 -6 -6 -2 
84 17 12 13 -14 -15 0 -9 -8 -3 
83 17 12 18 -11 -18 -1 -6 -9 -5 
82 13 14 19 -12 -20 -4 -4 -9 -6 
76 7 12 16 -18 -23 -8 -7 -8 -11 
71 13 13 17 -19 -26 -12 -4 -7 -9 
74 15 5 18 -14 -25 -10 -7 -15 -10 
76 9 -1 15 -12 -22 -10 -13 -16 -13 
79 11 2 15 -6 -16 -9 -12 -15 -11 
80 14 6 15 -4 -15 -11 -11 -16 -9 
78 16 8 15 -6 -15 -9 -12 -14 -10 
77 15 6 17 -8 -14 -8 -14 -14 -11 
76 15 8 17 -13 -17 -9 -10 -16 -8 
74 13 10 19 -12 -21 -8 -7 -13 -7 
74 13 10 19 -9 -22 -8 -6 -12 -8 
76 17 11 19 -6 -21 -8 -5 -12 -7 
79 16 13 19 -6 -20 -6 -9 -12 -5 
