72 30 23 13 -12 -14 -1 -2 -9 -6 
78 27 19 14 -14 -14 -1 -6 -11 -8 
75 29 19 16 -15 -7 1 -12 -11 -10 
68 29 22 15 -16 -4 4 -12 -13 -13 
61 31 27 13 -11 -5 5 -6 -13 -15 
60 27 18 12 -2 -2 -1 -9 -11 -9 
67 24 19 17 -1 -1 -2 -7 -13 -9 
72 32 24 21 0 -4 -3 -5 -12 -12 
70 35 27 23 2 -5 -4 -8 -10 -10 
65 36 29 25 3 -3 1 -7 -11 -11 
66 38 27 21 1 -6 -1 -3 -5 -8 
62 38 29 21 5 -2 -3 -3 -2 -3 
59 38 25 22 11 -1 1 -4 -8 -8 
61 42 30 26 14 2 2 -2 -4 -8 
55 53 39 25 15 9 5 -4 -7 -7 
49 48 29 24 17 12 5 -6 -10 -8 
47 44 17 15 12 7 -2 -9 -11 -12 
52 45 22 15 13 3 -2 -4 -14 -14 
51 46 24 19 11 1 -2 -2 -11 -13 
48 47 27 21 12 3 -4 -3 -9 -16 
51 45 24 17 8 2 -6 -4 -10 -16 
51 41 22 18 5 2 -7 -9 -8 -13 
47 39 26 17 7 6 -5 -7 -7 -12 
46 40 24 11 7 6 -2 -4 -6 -10 
41 39 26 12 4 2 -3 -8 0 -10 
39 36 21 14 6 4 -3 -10 -5 -12 
39 39 16 15 12 2 -3 -7 -12 -12 
39 42 19 14 12 4 -5 -10 -15 -14 
38 36 20 13 7 5 -7 -12 -13 -14 
34 33 21 15 8 -2 -1 -8 -7 -8 
