16 25 19 14 8 3 3 6 3 5 
30 34 26 20 11 0 -2 -4 -7 -3 
43 44 27 21 13 1 -7 -4 -8 -2 
60 49 25 20 9 -3 -5 2 -4 -4 
62 43 33 27 7 -6 -3 2 -2 -5 
60 34 31 31 10 -8 -11 -5 0 0 
58 24 13 20 3 -10 -10 -4 2 0 
65 30 19 21 -2 -12 -8 -5 -2 -6 
69 34 27 20 -2 -7 -6 -5 -3 -8 
72 27 21 21 -4 -9 -5 -3 -3 -5 
67 23 15 22 -9 -14 -3 -2 -2 1 
59 21 15 16 -6 -8 -2 -6 -2 -2 
58 22 19 14 -5 -5 -5 -10 -8 -6 
65 27 27 26 2 -3 -9 -8 -11 -7 
69 30 26 29 8 -2 -7 -8 -11 -9 
74 28 27 29 8 -6 -3 -6 -14 -10 
73 33 25 33 7 -8 -4 -8 -14 -11 
74 38 26 35 4 -9 -6 -10 -9 -7 
75 37 31 35 0 -13 -6 -7 -8 -5 
77 34 28 29 1 -14 -6 -6 -8 -5 
77 28 25 27 2 -14 -8 -7 -9 -6 
80 27 21 23 -4 -14 -4 -8 -12 -7 
82 29 20 23 -10 -18 0 -8 -12 -8 
78 30 21 26 -12 -21 -2 -7 -10 -10 
69 25 17 14 -1 -7 -1 0 -5 -2 
0 0 0 0 0 0 0 0 0 0 
0 0 0 0 0 0 0 0 0 0 
0 0 0 0 0 0 0 0 0 0 
0 0 0 0 0 0 0 0 0 0 
0 0 0 0 0 0 0 0 0 0 
