42 41 27 18 12 7 0 -6 -6 -3 
37 33 24 14 6 4 -6 -10 -8 -12 
46 41 25 17 11 2 -4 -7 -6 -9 
49 42 27 19 9 0 -2 -7 -7 -8 
44 41 31 25 8 0 -5 -8 -7 -7 
47 38 27 22 12 1 -7 -10 -10 -7 
43 34 26 15 6 -4 -7 -14 -11 -11 
35 38 33 16 4 -7 -6 -12 -10 -13 
38 43 30 16 3 -7 -7 -11 -15 -11 
43 46 26 20 5 -3 -8 -12 -12 -8 
45 44 27 20 7 -1 -9 -9 -8 -11 
45 45 25 14 6 1 -6 -10 -12 -14 
47 46 23 9 0 -4 -8 -13 -15 -14 
50 45 27 13 2 -6 -11 -11 -12 -10 
50 49 26 17 2 -4 -14 -14 -10 -7 
52 53 29 17 5 2 -11 -16 -7 -5 
54 50 26 11 7 -1 -8 -10 -6 -8 
47 44 20 10 2 -5 -11 -10 -11 -10 
42 46 27 13 3 -2 -10 -13 -10 -10 
44 43 28 17 7 3 -3 -10 -7 -12 
39 32 25 23 13 9 1 -4 -5 -5 
33 30 26 23 12 7 0 -3 -3 -1 
33 30 20 18 10 8 5 -2 2 1 
36 32 18 16 13 10 7 0 4 2 
27 30 20 18 13 13 14 6 7 6 
25 31 21 19 12 11 9 5 5 4 
26 30 18 14 9 8 4 7 9 5 
25 27 17 13 8 9 3 6 11 9 
24 25 17 12 8 8 1 4 5 7 
28 26 23 16 10 8 9 11 4 7 
