11 0 20 0 -7 -2 8 -6 -10 -4 
5 0 23 4 -5 -3 5 -7 -6 -1 
-1 -3 26 -3 -12 -5 2 -1 -5 3 
1 1 34 1 -7 -7 4 0 -4 2 
25 11 38 2 -11 -15 1 -6 -4 -4 
57 11 38 7 -17 -12 1 -11 0 -5 
70 11 44 12 -13 -17 -5 -3 -4 2 
61 12 46 10 -11 -17 1 -1 -7 0 
71 4 36 1 -14 -14 4 0 -1 9 
102 10 21 -8 -24 -27 -13 -2 7 17 
127 15 9 -3 -14 -25 -19 -9 1 11 
127 -13 12 8 -16 -23 -13 -7 -7 7 
114 -26 22 0 -21 -17 -9 -8 2 10 
96 -34 32 -3 -17 -19 -7 -14 -10 14 
91 -35 29 2 -17 -20 -8 -12 -14 10 
67 -19 15 2 -15 -17 -12 0 -12 12 
58 -17 11 0 -13 -17 -13 2 -9 11 
58 -10 18 7 -10 -21 -9 6 -4 9 
83 -9 12 8 -8 -25 -4 1 -6 17 
84 1 0 0 -10 -21 -19 -1 -1 12 
80 3 1 -7 -10 -22 -17 1 -1 15 
80 6 6 -14 -9 -22 -14 2 -3 15 
72 -2 4 -13 4 -19 -20 -4 -4 11 
62 -6 6 -11 9 -19 -19 -6 -6 12 
75 9 13 -11 2 -25 -18 -1 -1 13 
98 13 7 -2 -2 -27 -19 0 5 11 
87 -9 -7 0 11 -26 -26 -4 -1 10 
119 6 13 -15 0 -20 -23 -10 0 12 
120 7 14 -14 -2 -18 -21 -8 0 13 
120 -6 1 0 -1 -13 -18 -6 2 9 
