42 38 18 5 -1 3 -3 -10 -7 -4 
42 40 18 4 0 4 -4 -12 -7 -2 
46 41 15 3 -9 -8 -8 -11 -9 -2 
45 34 18 4 -5 -8 -9 -8 -9 -2 
37 29 23 13 7 1 1 -3 -6 -5 
33 32 20 13 6 2 4 0 -3 -1 
25 31 22 14 12 8 7 2 1 2 
27 25 23 16 11 8 5 0 1 -1 
33 28 23 20 18 16 8 6 5 5 
33 32 21 18 17 13 11 8 5 4 
25 28 20 19 11 10 12 4 3 0 
24 28 20 20 15 14 11 1 4 4 
25 30 20 17 16 14 12 7 5 7 
34 37 21 14 11 9 10 4 1 6 
43 44 23 15 11 7 7 0 -2 3 
41 52 30 16 13 6 6 1 5 1 
35 39 26 22 14 8 9 7 8 3 
33 29 18 25 15 6 10 6 5 4 
26 31 19 25 17 12 11 6 10 7 
25 39 19 16 11 15 10 9 10 8 
23 31 12 13 11 7 2 6 8 2 
20 29 18 15 15 4 1 1 9 2 
21 20 18 18 12 8 7 0 3 1 
26 21 17 14 7 8 9 3 4 3 
21 25 15 1 5 1 1 1 4 5 
15 22 11 4 4 -1 0 3 3 3 
10 22 13 9 3 -1 3 1 3 1 
12 19 16 14 9 3 6 -2 2 0 
21 18 11 13 10 9 9 4 5 0 
26 24 14 8 6 5 6 4 5 2 
