50 39 16 6 5 -3 -9 -12 -16 -10 
57 39 17 7 4 -2 -9 -11 -15 -7 
61 46 21 6 -1 0 -7 -8 -11 -6 
65 50 20 7 -1 -1 -7 -8 -6 -6 
67 50 16 8 2 -5 -6 -9 -8 -5 
62 46 16 4 -2 -6 -8 -13 -9 -11 
64 45 17 3 -4 -2 -9 -10 -9 -12 
65 43 16 4 -5 -4 -8 -8 -12 -11 
63 38 13 -1 -10 -4 -8 -14 -16 -13 
75 40 14 1 -5 0 -4 -10 -12 -13 
78 44 10 3 1 -5 -4 -8 -10 -17 
72 46 10 -1 -6 -1 -9 -11 -13 -17 
74 43 11 -2 -6 -2 -11 -9 -15 -14 
77 39 12 1 -2 -5 -12 -9 -15 -14 
77 48 11 -1 2 0 -9 -13 -14 -10 
79 50 10 -1 2 0 -7 -14 -14 -8 
76 44 12 1 -1 -2 -11 -11 -14 -10 
76 43 8 -3 0 -2 -11 -12 -16 -9 
80 45 7 0 1 2 -8 -14 -15 -7 
78 45 10 4 2 0 -10 -15 -11 -8 
71 44 14 6 4 -3 -14 -16 -9 -3 
72 46 15 4 2 -1 -14 -16 -9 -2 
73 49 14 4 2 -3 -13 -17 -11 -3 
70 50 15 4 3 -1 -11 -20 -14 -1 
69 48 15 3 0 0 -11 -20 -14 1 
75 47 14 4 -1 -2 -10 -16 -10 0 
79 47 10 5 6 1 -9 -14 -9 0 
78 45 11 5 5 6 -12 -14 -7 -1 
76 42 7 4 0 1 -14 -14 -6 -1 
75 48 7 4 1 -1 -11 -10 -5 1 
