-24 -10 38 29 -15 -12 13 -6 2 -3 
-24 -11 42 22 -18 -7 12 -5 -5 -4 
-24 -14 39 24 -21 -12 8 -4 -2 -5 
-20 -9 40 27 -20 -18 8 -6 1 -1 
-12 -10 42 22 -17 -19 12 -8 -2 -1 
7 -14 47 28 -11 -14 12 1 -11 0 
43 -3 43 18 -25 -31 -5 1 -13 1 
84 12 44 9 -21 -36 -14 -2 -5 5 
105 17 35 6 -16 -36 -14 -2 -3 10 
110 13 30 10 -11 -35 -15 -2 -1 11 
115 9 20 9 -7 -27 -14 -6 -7 7 
119 4 18 6 -8 -22 -14 -5 -5 5 
120 3 5 -1 -4 -22 -17 -3 -3 9 
117 -2 5 -5 2 -21 -23 -3 -6 9 
113 -2 12 -8 3 -25 -24 1 -10 13 
106 6 5 -9 -2 -23 -20 3 -11 12 
102 4 0 -8 -8 -19 -24 -4 -9 11 
98 9 8 -5 -2 -23 -24 -1 -6 14 
97 9 3 -4 4 -20 -21 2 -5 11 
89 -4 12 -5 -6 -16 -18 2 -5 10 
80 3 8 -1 -5 -13 -21 3 -2 8 
75 8 2 2 0 -10 -24 2 -1 6 
78 12 -2 1 -2 -14 -22 2 -3 7 
91 16 5 -10 -6 -18 -21 0 -5 6 
93 17 10 -5 -1 -18 -20 -2 -5 8 
89 13 16 -5 0 -21 -17 -4 -4 11 
64 5 4 1 -2 -16 -21 -2 0 6 
61 3 3 2 -3 -17 -24 -5 -2 4 
70 8 10 -3 -6 -21 -21 -5 -1 5 
73 10 10 -4 -6 -21 -19 -2 3 4 
