50 39 16 11 -10 -22 -18 -9 -3 -5 
57 38 13 11 -8 -14 -16 -10 -5 -2 
66 24 3 19 -1 -7 -11 -4 -2 -2 
85 8 -2 17 2 -9 -14 -11 -5 -1 
92 -1 1 11 3 -11 -16 -7 -7 2 
95 2 5 4 -3 -12 -17 -2 -6 5 
99 4 5 1 -2 -20 -17 -1 -6 5 
100 2 11 4 -2 -22 -18 -2 -6 8 
98 9 11 3 -8 -20 -23 -6 -10 5 
93 1 0 -4 -12 -26 -26 -9 -11 2 
82 -7 0 3 -10 -15 -21 0 0 6 
86 -4 -2 8 -11 -12 -23 1 3 3 
80 15 5 5 -7 -20 -19 0 -1 7 
75 16 10 2 -4 -15 -18 -4 -5 8 
67 8 4 2 -3 -12 -19 -4 -4 8 
75 16 7 2 -8 -14 -18 -2 -3 10 
76 8 10 3 -4 -17 -15 -2 -6 14 
63 -1 8 3 -3 -19 -16 -2 -7 10 
65 2 9 2 -6 -20 -17 -1 -6 8 
66 4 13 -3 -4 -18 -17 -2 -5 9 
72 1 8 -7 0 -20 -21 -3 -2 9 
88 8 -1 -5 -2 -19 -24 -1 0 6 
85 11 -6 -7 8 -18 -20 -2 2 7 
91 5 -2 -9 13 -21 -18 -4 2 6 
111 15 10 6 -8 -24 -13 -1 3 9 
103 13 12 6 -11 -21 -12 -3 3 10 
52 -4 11 5 -12 -12 -7 -4 4 9 
56 12 35 23 -13 -18 -6 -3 2 8 
53 13 42 24 -15 -21 -5 -4 1 10 
27 -2 33 13 -18 -14 0 -10 -2 9 
