-18 -17 49 30 -12 -17 21 -8 4 -3 
-26 -9 52 31 -9 -12 16 -6 1 -5 
-28 -10 47 31 -13 -11 14 -9 2 -4 
-34 -11 37 27 -18 -16 10 -10 2 -2 
-29 -12 39 29 -17 -17 12 -5 3 -4 
-27 -11 42 32 -15 -14 16 -5 4 -2 
-27 -4 41 23 -14 -8 12 -4 3 -2 
-19 -9 41 17 -15 -5 7 -4 -5 -5 
9 -8 42 26 -14 -20 8 0 -3 0 
85 13 44 24 -34 -37 -14 -20 -6 2 
96 9 45 13 -33 -36 -11 -20 -6 3 
104 -5 27 7 -11 -23 -10 -10 -4 10 
106 -2 28 7 -7 -21 -16 -11 -8 9 
104 -7 22 2 -8 -18 -24 -11 -8 8 
105 -15 10 -4 -9 -19 -27 -7 -8 7 
105 -12 12 -6 -7 -22 -23 -4 -10 6 
98 -4 16 -8 -6 -19 -17 -4 -12 5 
91 -4 6 -9 0 -10 -17 -4 -6 6 
105 2 11 -13 -4 -15 -15 -9 -6 14 
107 -5 10 -2 -1 -22 -18 -5 -7 12 
107 -11 8 5 -12 -14 -21 -6 -7 13 
95 -11 11 -1 -10 -14 -18 -4 -6 16 
88 -8 13 -2 -6 -15 -18 -1 -4 15 
83 1 4 1 -2 -11 -20 -1 -2 7 
86 -1 -3 4 -5 -12 -19 -3 -1 6 
98 12 -8 -2 2 -16 -22 0 -6 8 
90 12 -18 -2 10 -17 -30 1 -5 8 
103 11 -17 0 3 -22 -27 4 -3 4 
109 13 -11 -1 2 -22 -24 5 -4 3 
97 23 -2 -5 4 -22 -20 4 -9 8 
