85 -2 6 -1 -9 -13 -14 1 -1 7 
82 -5 7 2 -6 -13 -13 3 -6 7 
79 -6 5 0 -6 -16 -14 0 -2 5 
68 -5 11 8 -8 -16 -8 -2 -3 6 
66 -5 13 11 -5 -16 -7 -8 -11 4 
76 -7 7 2 -3 -22 -13 -8 -8 3 
80 -2 5 1 -6 -22 -12 -6 -3 5 
74 2 8 5 -13 -23 -6 -7 2 5 
70 1 11 3 -11 -23 -9 -7 0 3 
71 -17 9 3 -16 -19 -5 -8 -2 3 
68 -19 9 12 -22 -21 -4 -11 1 1 
64 -14 16 11 -18 -25 -14 -13 0 1 
64 -15 11 -2 -17 -27 -18 -13 -4 -1 
62 -18 7 4 -9 -22 -13 -8 -4 0 
66 -15 9 1 -9 -24 -12 -4 -1 5 
70 -11 11 -4 -11 -25 -11 -7 0 4 
68 -21 4 1 -11 -18 -10 -8 -1 4 
66 -23 -2 0 -8 -17 -13 -4 1 5 
68 -15 -5 1 -3 -16 -12 -3 3 2 
74 -13 4 7 -8 -21 -9 -4 -1 3 
60 -2 7 8 -18 -28 -10 -7 -1 5 
53 -5 8 9 -20 -25 -14 -10 1 3 
53 -15 18 9 -21 -20 -11 -13 1 2 
60 -10 23 6 -20 -21 -5 -15 0 3 
76 1 13 -3 -10 -16 -9 -9 1 4 
72 11 25 -7 -12 -13 -17 3 -1 6 
65 12 33 -6 -17 -16 -16 5 -1 9 
50 3 34 1 -18 -17 -7 -6 -3 7 
49 13 40 17 -16 -12 0 -12 -1 7 
31 15 50 29 -11 -6 8 -10 -2 5 
