-22 -43 45 36 -19 -11 12 -15 6 1 
-32 -29 44 33 -18 -13 4 -13 2 1 
-28 -15 46 32 -19 -13 3 -5 0 -2 
-25 2 45 26 -16 -15 1 -5 4 2 
-17 2 42 21 -17 -19 3 -2 -1 -4 
-3 -1 36 18 -19 -21 10 1 -7 -6 
6 -11 33 21 -13 -19 11 1 -1 -1 
40 -10 38 18 -29 -22 7 -7 4 8 
86 -1 41 2 -35 -33 -15 -13 -1 9 
114 15 31 3 -18 -26 -21 -9 -3 3 
127 8 11 5 3 -19 -22 -7 -2 4 
127 -9 15 4 -2 -21 -15 1 -6 7 
95 -8 18 10 -18 -13 -9 3 -6 7 
77 -20 21 8 -20 -14 -12 2 -2 8 
81 -22 16 1 -22 -17 -18 -3 -2 7 
87 -1 11 -2 -14 -20 -15 -4 -6 10 
86 10 14 0 -11 -21 -14 -3 -8 13 
85 10 13 -1 -8 -18 -16 0 -2 14 
72 4 7 -3 -7 -14 -18 -2 3 11 
59 6 3 1 -6 -11 -18 -5 1 9 
61 7 -1 4 -8 -13 -12 -5 -5 10 
72 -1 4 -7 -4 -26 -12 -6 -11 13 
70 -6 9 -3 -6 -24 -13 -6 -8 12 
67 -4 5 0 -8 -21 -15 -7 -5 10 
62 2 2 -7 -3 -23 -17 -8 -6 10 
63 1 5 -3 -4 -24 -12 -10 -4 9 
64 -1 8 -5 -1 -22 -12 -12 -3 6 
47 4 5 -4 4 -17 -18 -9 -2 4 
34 2 1 -1 3 -20 -22 -8 -1 2 
71 15 -2 2 -2 -22 -18 -9 -1 7 
