-3 -9 54 17 -9 -11 3 1 -2 -7 
27 2 37 -10 -32 -31 -7 -1 10 8 
90 15 31 -12 -18 -32 -14 -1 4 0 
110 7 21 -2 -7 -17 -13 -5 -4 5 
115 3 16 4 -6 -17 -16 -5 -2 4 
115 0 15 3 -11 -19 -15 -3 -3 3 
97 -5 10 1 -8 -16 -15 -8 -4 -1 
89 -4 9 2 -12 -18 -17 -11 -5 4 
88 -4 14 5 -9 -20 -17 -10 -1 8 
95 -4 10 0 -11 -23 -15 -6 2 5 
104 6 13 4 -9 -21 -9 1 2 4 
98 2 14 6 -1 -18 -13 -3 1 6 
84 -2 10 4 1 -17 -15 -2 3 9 
83 1 10 5 0 -14 -10 -3 -1 5 
91 3 6 8 -10 -20 -16 -10 -6 1 
90 5 8 5 -14 -22 -21 -8 -3 0 
85 -4 11 2 -8 -21 -12 -4 -3 3 
84 -4 11 2 -5 -21 -14 -4 -4 5 
84 8 12 3 -3 -19 -19 -4 0 10 
83 -1 9 4 -3 -18 -15 1 2 9 
75 -7 9 5 -3 -14 -14 0 0 5 
69 -8 9 6 -3 -14 -9 1 0 5 
62 -15 2 1 -6 -21 -13 0 0 9 
60 -14 1 -1 -6 -25 -18 -2 1 9 
62 -8 -1 -1 -7 -27 -19 -4 2 5 
67 -9 2 3 -13 -23 -15 -7 3 2 
62 -10 8 3 -15 -24 -10 -7 4 1 
75 8 -4 6 -11 -24 -11 -4 3 -3 
84 9 5 0 -6 -27 -11 -2 1 -2 
75 19 28 -6 -15 -24 -1 -3 -4 6 
