69 -9 6 -4 0 -14 -17 -3 -3 6 
75 -4 0 -4 -4 -17 -19 -3 3 6 
80 -5 0 -3 -7 -13 -21 -3 -3 7 
78 -11 8 4 -13 -17 -10 -1 -2 9 
74 -6 10 4 -17 -22 -9 -3 1 9 
60 -7 10 0 -11 -19 -14 -6 -1 9 
62 -8 9 1 -5 -16 -13 -6 -3 6 
72 -3 6 0 -5 -18 -14 -3 -4 1 
73 -5 8 -1 -10 -19 -12 -3 -6 5 
75 -4 5 1 -6 -20 -11 -2 -6 8 
72 2 6 2 -7 -24 -11 -7 -1 4 
74 0 3 4 -8 -23 -12 -10 1 2 
77 -3 0 2 -3 -22 -11 -7 -3 8 
76 2 9 5 -5 -22 -9 -6 -1 8 
74 17 15 7 -14 -21 -3 -4 5 5 
75 15 13 12 -10 -19 -2 -5 9 5 
63 10 26 16 -10 -15 -2 -5 6 5 
54 18 34 6 -22 -13 7 -4 0 4 
41 12 32 4 -14 -23 13 -7 1 10 
26 7 33 2 -2 -25 8 1 -7 6 
46 25 26 4 3 -21 11 -3 4 5 
64 17 26 2 9 -7 8 -4 0 1 
61 11 30 5 6 -4 7 2 -2 1 
59 12 39 14 4 -5 4 4 1 4 
63 6 38 10 6 3 7 -1 2 6 
59 -2 39 11 0 -1 10 -4 -1 6 
57 -2 39 13 -4 -11 6 -3 -1 5 
54 0 36 11 -4 -11 6 0 -4 2 
60 3 38 10 -8 -5 9 5 -1 2 
56 4 38 7 -4 -6 6 3 3 5 
