122 -3 15 -8 8 -41 -24 27 5 6 
110 -4 16 -4 2 -38 -27 27 5 8 
94 -4 17 -8 -13 -43 -19 22 11 14 
90 3 17 -6 -14 -45 -18 16 11 6 
89 9 9 3 -13 -49 -14 13 14 0 
84 12 11 6 -15 -51 -15 14 15 5 
87 12 10 3 -12 -49 -13 16 13 6 
96 18 9 -1 -9 -46 -11 18 8 2 
89 28 10 -11 -5 -42 -12 21 6 -3 
85 15 12 -7 -11 -43 -12 19 14 3 
87 12 10 -3 -13 -43 -11 19 15 6 
87 12 4 -6 -14 -46 -11 20 13 6 
84 4 -2 -5 -18 -49 -14 20 8 7 
85 2 -8 -8 -25 -51 -16 21 3 9 
87 4 -7 -5 -27 -54 -15 17 4 12 
87 2 -16 -7 -29 -53 -19 11 3 11 
88 -1 -23 -9 -28 -53 -20 10 2 5 
72 3 -10 -5 -7 -51 -24 26 5 -2 
70 6 -1 0 -6 -43 -20 28 10 0 
74 13 5 5 -5 -29 -14 19 7 3 
83 20 8 -2 -6 -31 -14 23 8 3 
80 29 -1 -4 -10 -41 -14 18 9 -1 
66 27 5 -6 -9 -40 -17 14 9 -1 
59 29 8 -3 -8 -38 -13 16 9 0 
62 25 -2 8 -12 -42 -8 17 6 -2 
65 18 -7 16 -15 -42 -7 16 7 -4 
62 21 -1 13 -12 -42 -13 15 8 -6 
68 33 5 8 -10 -41 -16 10 9 -7 
81 43 2 6 -6 -41 -13 10 15 -6 
83 45 1 4 -4 -40 -7 14 16 -7 
