51 7 1 -10 -15 -51 -26 18 9 2 
45 4 -4 -7 -20 -50 -19 20 8 1 
34 1 0 -7 -26 -51 -19 15 6 5 
46 6 -4 -10 -24 -48 -11 15 5 2 
56 9 -7 -9 -21 -48 -9 18 6 0 
59 9 -1 -9 -14 -46 -8 21 12 0 
65 17 4 -7 -11 -41 -11 15 7 -2 
62 21 3 -9 -14 -42 -7 9 8 -1 
61 23 2 -4 -18 -43 -3 11 11 2 
64 21 8 6 -17 -45 -10 11 9 3 
66 17 9 3 -17 -46 -8 16 11 3 
67 7 5 -2 -15 -41 -4 14 11 1 
64 9 3 3 -15 -42 -7 13 11 1 
62 11 -1 7 -11 -42 -7 14 11 0 
51 6 5 14 -14 -42 6 9 11 -3 
49 4 7 17 -17 -45 5 7 10 0 
58 5 -1 17 -21 -42 1 8 4 0 
67 17 -6 20 -28 -34 7 8 5 -4 
55 26 8 13 -25 -29 18 10 6 3 
32 4 15 21 -15 -28 17 3 -4 4 
41 10 18 23 -9 -16 6 5 -2 -4 
51 8 28 34 -8 -17 4 5 -2 -7 
54 7 24 23 -6 -16 -1 2 1 -7 
60 7 26 20 -3 -10 0 -2 -4 -6 
60 9 32 19 3 -6 -1 0 -1 -3 
58 10 32 17 4 -6 0 5 0 -6 
67 5 32 12 -2 -9 -3 5 -2 -4 
64 6 29 8 -2 -11 -5 2 0 -2 
62 7 27 10 3 -5 2 6 -1 -1 
63 6 30 7 1 -1 2 5 -3 -2 
