111 30 9 6 -25 -37 -5 14 0 8 
120 21 4 4 -21 -32 -9 12 2 6 
122 12 0 1 -21 -34 -13 15 8 11 
127 11 0 -1 -18 -37 -13 21 3 8 
125 9 9 -21 -8 -41 -16 28 -5 6 
103 1 5 -12 -14 -42 -18 27 -5 4 
98 -1 3 -3 -18 -42 -20 23 -7 8 
95 8 4 -3 -18 -39 -18 19 -4 10 
96 11 1 -11 -15 -35 -14 19 -3 4 
97 4 1 -7 -20 -40 -12 19 -8 1 
93 13 5 -4 -25 -35 -12 15 -6 3 
93 23 1 -8 -24 -31 -11 11 -1 3 
84 22 -2 -4 -22 -31 -15 14 2 4 
82 21 0 -4 -22 -29 -15 11 5 8 
90 17 4 -4 -24 -28 -2 7 6 9 
100 22 8 4 -23 -27 -2 3 3 5 
99 24 4 4 -23 -27 -3 8 1 1 
84 17 -4 3 -29 -30 1 16 5 3 
81 19 4 11 -27 -27 1 13 3 5 
83 21 11 11 -27 -28 -2 9 4 8 
77 25 22 15 -36 -30 -1 8 5 9 
53 22 31 23 -34 -24 3 9 -2 4 
18 23 36 31 -35 -30 7 6 -7 -3 
-6 10 28 43 -31 -29 14 5 -2 -5 
-4 8 31 49 -28 -13 15 7 4 -4 
-4 10 27 55 -22 -7 11 2 0 -6 
19 11 15 40 -21 -9 5 5 -1 -8 
35 11 20 23 -9 -4 -4 10 1 -5 
45 6 25 6 2 -3 -5 11 8 -5 
54 11 27 4 0 -2 0 11 9 -6 
