12 -3 15 40 -28 -9 18 6 -6 -1 
25 14 20 36 -21 -3 5 3 1 -1 
104 37 13 0 -46 -34 -15 0 2 0 
120 22 7 -7 -44 -48 -25 7 6 5 
121 13 3 -10 -35 -48 -29 19 6 15 
119 12 -10 -17 -30 -44 -22 17 2 6 
101 6 -18 -22 -39 -47 -25 7 -1 5 
103 10 -12 -18 -41 -53 -31 4 0 12 
115 16 -11 -21 -27 -43 -13 14 1 9 
121 16 -6 -13 -14 -32 -4 17 1 9 
127 21 -4 -10 -21 -33 -5 18 7 8 
118 27 4 -14 -16 -36 -8 20 4 3 
114 25 6 -11 -18 -34 -9 18 4 1 
117 29 5 -14 -20 -33 -8 21 4 3 
118 34 8 -18 -18 -39 -5 27 2 4 
106 23 9 -16 -18 -36 -9 29 4 1 
93 5 11 -8 -25 -36 -2 21 4 6 
82 -9 8 2 -30 -35 1 9 7 9 
68 -7 7 -3 -34 -37 -9 11 -1 9 
57 -8 -3 -12 -39 -43 -11 11 -4 9 
56 -9 -2 -10 -35 -42 -12 9 -7 4 
60 -9 1 -2 -29 -37 -11 14 -3 4 
66 -10 0 -3 -32 -31 -10 12 0 2 
68 -7 8 -3 -33 -32 -4 6 -5 -2 
66 2 13 7 -31 -30 -1 10 -2 2 
67 9 8 5 -37 -26 -3 15 0 3 
65 12 -1 0 -41 -33 -7 12 1 2 
73 21 8 8 -36 -36 0 14 5 6 
62 30 16 20 -41 -21 8 9 0 3 
30 24 19 33 -35 -15 10 12 2 3 
