109 19 3 -6 -22 -40 -17 15 1 -1 
126 8 6 2 -9 -43 -19 18 0 7 
124 -2 9 -11 0 -46 -14 23 -2 10 
122 -14 7 -17 1 -50 -18 28 -5 10 
114 -3 4 -12 -2 -48 -18 27 -3 8 
115 11 6 -12 -7 -41 -14 21 -1 9 
115 5 5 -13 -2 -43 -15 23 3 3 
110 8 5 -16 1 -47 -12 21 6 0 
107 21 -1 -12 -4 -47 -5 22 4 -1 
103 25 0 -14 -4 -47 -6 20 7 -1 
96 25 -2 -17 -3 -42 -7 18 7 -2 
83 16 7 -6 -16 -45 7 18 -4 1 
72 16 13 -4 -21 -44 11 12 -1 5 
74 19 11 -5 -21 -42 5 10 1 5 
81 28 7 -8 -19 -39 -3 14 1 3 
78 36 1 -10 -13 -36 -12 16 2 1 
78 30 6 -2 -19 -35 -4 13 -6 4 
77 30 9 -5 -21 -33 4 11 -4 6 
74 31 7 -10 -17 -34 2 14 0 5 
74 31 10 -9 -18 -37 2 18 -2 5 
78 33 20 1 -29 -36 7 14 -2 6 
79 26 26 10 -37 -37 12 13 1 -1 
77 24 22 18 -41 -34 10 10 1 -4 
92 36 6 19 -39 -26 5 10 0 -1 
75 22 8 16 -34 -22 2 10 -9 7 
57 18 15 33 -24 -3 8 11 -7 -2 
51 22 17 28 -19 -4 4 10 -10 -4 
53 12 20 17 -9 -5 -3 9 -6 -4 
54 4 18 1 -2 -6 -5 5 4 -1 
55 8 18 -3 3 -1 -2 -1 4 2 
