118 -5 1 -4 -8 -41 -10 22 3 8 
114 3 5 -9 -6 -40 -12 22 2 7 
105 6 9 -13 -6 -39 -17 22 3 10 
91 0 8 -9 -12 -43 -14 21 10 10 
87 -6 13 1 -20 -43 -7 18 6 8 
89 -5 18 2 -31 -36 3 14 -1 9 
90 2 17 -2 -35 -34 4 13 -2 8 
89 7 10 -4 -26 -38 -3 13 4 8 
89 10 8 -3 -27 -39 -4 14 7 9 
83 10 10 2 -29 -44 -1 17 6 11 
77 13 8 2 -25 -46 1 13 8 7 
76 16 4 -3 -18 -41 -2 10 12 4 
73 17 5 -9 -13 -39 -4 12 8 3 
63 0 16 -2 -27 -35 4 10 0 5 
66 -1 18 0 -29 -33 3 10 0 6 
76 5 13 -3 -25 -32 1 10 -1 6 
76 2 12 -1 -23 -32 -2 10 -5 7 
74 11 10 4 -24 -32 -4 11 -3 6 
70 8 11 10 -27 -33 1 12 -2 2 
69 4 14 9 -27 -35 3 10 -1 2 
76 15 17 5 -32 -32 5 13 4 5 
84 22 24 3 -39 -26 5 13 3 6 
71 25 21 22 -39 -31 7 3 -3 2 
31 16 9 21 -47 -34 11 4 6 0 
15 24 26 36 -31 -18 12 2 4 -5 
28 32 20 21 -27 -11 11 8 -1 -7 
36 19 15 14 -20 -14 7 7 4 -2 
45 13 16 10 -10 -2 -2 4 4 0 
52 11 22 6 -2 -5 -3 1 7 -1 
48 10 20 5 4 -2 1 -2 5 -2 
