113 24 -7 -7 6 -10 -7 -13 -18 -1 
113 26 -4 -5 7 -8 -9 -11 -18 3 
109 23 0 -10 10 -6 -17 -12 -12 12 
100 19 -5 -22 12 -7 -16 -14 -11 14 
98 20 -7 -22 14 -8 -19 -18 -15 5 
95 26 -2 -12 13 -7 -17 -14 -15 2 
89 28 -1 -14 9 -9 -12 -15 -22 5 
88 23 4 -8 8 -6 -13 -17 -22 5 
91 20 4 -7 5 -6 -19 -16 -13 6 
94 29 14 -7 8 -6 -23 -10 -8 5 
89 31 19 -4 8 -4 -22 -12 -11 1 
84 25 10 -5 6 -7 -20 -15 -9 3 
86 28 6 -3 10 -7 -11 -14 -11 10 
96 32 9 1 20 0 -8 -10 -12 12 
104 32 6 1 26 3 -16 -8 -8 7 
106 29 8 3 21 4 -15 -11 -11 6 
107 23 13 1 14 6 -8 -15 -16 6 
95 18 11 -3 14 8 -11 -15 -17 6 
90 24 15 -1 14 6 -14 -12 -15 1 
94 30 16 1 11 -3 -15 -11 -9 2 
86 24 7 -1 8 -8 -17 -17 -10 8 
80 15 10 -1 6 -6 -17 -18 -12 9 
81 12 12 -3 1 -5 -15 -20 -11 12 
81 15 8 -9 0 -6 -11 -19 -10 13 
87 21 3 -16 -1 -6 -11 -16 -10 10 
91 17 1 -15 -1 -2 -16 -18 -13 13 
95 16 1 -12 2 -4 -20 -14 -11 11 
98 23 3 -9 1 -4 -16 -12 -9 5 
99 28 6 -5 5 -4 -13 -16 -10 6 
103 28 6 1 7 0 -18 -19 -10 7 
