34 26 27 11 7 -4 1 -3 -4 1 
25 18 27 11 7 2 3 1 1 0 
30 22 31 10 -1 -2 4 3 2 0 
35 27 22 8 -1 -1 5 1 1 1 
36 29 20 4 0 2 0 -2 3 -1 
37 26 27 3 -1 -5 -2 -2 3 -4 
37 25 26 4 3 -5 -3 -3 2 -2 
40 23 21 2 1 -3 -3 -5 1 3 
82 29 -1 -25 -14 -6 -3 -8 -5 5 
107 23 -25 -36 -13 -8 -11 -17 -6 7 
112 16 -29 -39 -12 -7 -11 -17 -4 5 
116 15 -26 -30 -3 -3 -12 -10 -3 3 
121 19 -31 -29 3 -2 -7 -10 -7 0 
124 24 -28 -33 -1 -4 -11 -13 -8 -3 
119 26 -21 -34 -13 -13 -19 -15 -11 -5 
124 25 -23 -36 -13 -15 -18 -13 -11 0 
118 22 -26 -39 -14 -15 -10 -10 -12 1 
107 14 -37 -44 -10 -10 -5 -10 -12 2 
111 16 -42 -46 4 -2 -6 -10 -9 4 
110 18 -30 -35 6 1 -2 -8 -9 5 
122 31 -19 -38 -5 -14 -13 -12 -8 7 
127 37 -19 -36 -1 -14 -12 -13 -7 7 
121 33 -17 -28 1 -17 -8 -5 -4 3 
117 35 -11 -23 5 -13 -2 2 -4 4 
111 31 -11 -19 25 -2 -5 -7 -9 8 
110 33 -5 -12 29 0 -4 -5 -5 8 
105 37 4 -4 19 -5 -2 -2 0 4 
92 25 -6 -6 13 -7 1 0 4 6 
87 27 6 -1 17 -8 -3 3 3 5 
85 25 8 0 11 -4 -5 3 3 2 
