104 39 31 1 16 -7 -13 -13 -12 3 
109 45 23 8 15 -5 -12 -13 -12 3 
118 42 12 -2 8 -4 -10 -12 -11 7 
119 31 5 -5 3 -2 -11 -12 -13 10 
111 23 -1 -8 1 0 -18 -9 -16 11 
113 24 5 -4 1 0 -19 -9 -15 13 
107 22 8 -4 7 -9 -15 -12 -12 17 
104 23 9 -1 7 -6 -14 -14 -13 17 
103 30 13 0 9 1 -17 -18 -15 10 
100 34 13 2 12 6 -17 -17 -15 5 
100 32 8 3 16 14 -15 -18 -10 2 
95 30 8 -1 22 13 -10 -11 -9 5 
97 30 11 -1 20 6 -11 -8 -10 4 
93 34 10 1 17 -2 -15 -7 -11 2 
89 36 11 -4 12 -10 -20 -8 -10 5 
91 37 18 -5 12 -7 -17 -11 -10 8 
90 38 21 0 9 -8 -12 -9 -11 5 
93 38 20 3 7 -7 -3 -9 -10 7 
88 34 13 7 9 4 -3 -13 -15 4 
76 26 15 8 12 7 -8 -17 -16 3 
68 22 12 -1 12 9 -10 -14 -14 4 
65 27 4 -8 10 3 -12 -12 -10 7 
59 28 8 -9 7 -3 -17 -12 -7 9 
63 20 6 -11 10 3 -16 -12 -9 6 
71 19 -2 -8 15 4 -11 -13 -13 8 
62 24 3 -6 11 9 -12 -17 -14 2 
62 27 3 -6 11 6 -14 -16 -10 5 
68 24 2 -5 12 3 -14 -14 -11 7 
77 22 3 -2 17 3 -19 -13 -9 2 
79 26 7 -1 18 4 -20 -11 -6 1 
