63 14 32 8 7 -3 5 6 1 -3 
51 16 32 6 2 -4 1 3 2 -2 
52 15 31 6 3 0 1 5 0 0 
115 44 30 6 8 -3 -12 -9 -9 0 
127 35 2 -1 13 -2 -19 -12 -4 6 
127 40 4 4 16 -2 -19 -15 -10 5 
122 42 5 4 21 4 -17 -14 -12 0 
117 45 6 -1 27 6 -15 -11 -15 1 
110 45 11 -5 26 6 -13 -13 -15 5 
106 48 12 -4 22 3 -9 -11 -16 7 
103 49 11 -3 15 7 -10 -11 -12 4 
103 45 10 -1 10 8 -11 -16 -13 5 
105 36 11 -2 9 3 -11 -20 -15 9 
111 30 19 -6 10 3 -15 -21 -14 10 
109 34 17 -3 11 7 -17 -23 -15 8 
102 42 13 -3 12 7 -11 -23 -18 8 
94 44 10 0 10 2 -11 -15 -15 3 
95 41 5 3 14 2 -16 -11 -12 -1 
99 39 9 2 18 4 -18 -12 -11 0 
101 35 14 3 19 6 -18 -11 -11 3 
93 29 16 7 14 4 -12 -8 -8 4 
86 30 14 11 10 -1 -9 -8 -8 5 
82 33 12 5 13 0 -9 -6 -11 10 
77 31 12 -3 14 6 -12 -8 -10 9 
75 32 13 -1 14 3 -15 -13 -11 4 
77 36 8 -1 21 0 -11 -10 -14 5 
78 36 4 -2 27 4 -12 -10 -14 4 
72 36 4 -5 16 10 -18 -10 -10 2 
66 32 4 -9 5 1 -17 -8 -9 0 
67 31 9 -7 9 1 -15 -7 -9 -1 
