73 52 32 1 4 -5 -16 -8 -8 8 
77 52 22 -1 10 -7 -20 -2 -8 13 
87 54 24 2 14 -2 -20 -2 -11 14 
92 52 29 4 19 1 -13 -8 -16 9 
85 52 30 6 20 3 -11 -6 -13 5 
82 55 35 6 15 4 -5 -6 -13 5 
87 56 36 6 13 3 1 -6 -17 6 
88 58 35 8 17 4 -2 -3 -14 2 
85 71 30 6 12 4 -1 -2 -14 6 
87 75 28 6 5 0 1 -2 -15 9 
95 67 25 6 3 2 -7 -4 -10 9 
90 62 25 -6 8 8 -10 -10 -14 9 
91 63 26 -10 10 7 -12 -16 -18 7 
98 58 27 -5 9 5 -11 -19 -17 5 
103 54 27 -3 7 7 -11 -16 -16 4 
106 56 21 -2 11 8 -13 -14 -18 6 
99 52 22 1 12 6 -13 -16 -13 6 
97 45 15 0 5 2 -10 -14 -12 7 
100 47 14 -4 10 3 -12 -11 -10 9 
97 54 24 -3 15 3 -12 -12 -8 12 
92 58 26 1 12 0 -11 -9 -7 10 
90 55 26 5 10 0 -7 -10 -10 9 
87 56 26 6 10 2 -6 -7 -9 8 
88 60 25 3 11 5 -9 -9 -5 12 
88 57 25 3 11 5 -10 -12 -9 13 
89 59 23 4 11 5 -14 -10 -7 10 
88 56 24 5 10 4 -14 -13 -5 10 
81 56 28 3 10 5 -15 -13 -7 12 
81 62 24 2 12 7 -16 -14 -8 11 
86 56 19 7 8 5 -15 -12 -7 8 
