94 55 26 -4 23 9 -5 -6 -16 7 
97 57 20 -1 23 12 -5 -8 -13 6 
100 62 18 -6 21 8 -6 -4 -12 9 
99 63 18 -5 16 6 -9 -3 -11 14 
99 62 14 -2 17 2 -14 -7 -7 14 
97 57 18 1 16 -3 -16 -8 -3 14 
92 52 25 -4 17 -2 -19 -6 -3 16 
91 51 25 -7 18 0 -17 -8 -2 18 
90 51 29 -3 13 -1 -14 -10 1 16 
89 56 30 1 8 0 -16 -9 1 12 
92 61 24 -2 15 1 -15 -9 -5 10 
97 65 27 -8 14 0 -14 -8 -6 10 
97 66 34 -8 5 1 -12 -3 -3 9 
98 63 31 -3 2 -1 -5 -5 -6 12 
103 50 22 -4 8 6 -7 -13 -9 13 
99 49 20 -4 11 5 -7 -11 -9 14 
96 54 16 -7 16 3 -6 -5 -9 12 
92 55 14 -11 17 5 -10 -3 -5 9 
88 53 18 -8 12 5 -9 -2 -1 12 
96 48 18 -5 16 6 -8 -4 -3 13 
98 47 17 -3 16 6 -6 -6 -5 11 
95 53 22 -10 13 3 -8 -6 -12 9 
93 59 24 -3 10 -2 -16 -10 -16 5 
95 60 24 9 6 -5 -21 -14 -11 8 
87 55 26 6 8 -5 -23 -16 -10 11 
79 62 32 14 9 -1 -22 -15 -16 5 
80 67 33 14 11 5 -22 -12 -15 4 
80 61 38 13 9 -1 -20 -12 -15 1 
77 63 39 14 16 -3 -15 -4 -12 3 
69 55 42 6 21 5 -7 -1 -10 9 
