94 54 21 -11 19 3 -15 0 -10 5 
88 53 29 -9 22 5 -13 -1 -10 6 
93 46 27 -7 27 -1 -13 -4 -11 7 
99 43 15 -7 23 4 -14 -6 -13 6 
104 46 11 -8 19 8 -19 -9 -14 5 
98 53 18 -12 17 2 -21 -9 -16 5 
92 53 22 -7 9 -3 -20 -7 -15 4 
99 51 16 1 6 2 -19 -9 -14 0 
95 55 13 5 7 3 -17 -8 -13 -1 
93 55 11 8 10 1 -16 -9 -11 -1 
94 53 12 4 17 -3 -15 -8 -12 -2 
95 51 19 -1 18 -7 -11 -10 -15 1 
98 58 19 -1 11 -9 -11 -9 -13 3 
102 61 16 -3 9 -8 -17 -9 -12 4 
104 59 13 -7 14 -11 -22 -9 -15 7 
103 58 14 -11 16 -19 -18 -7 -17 8 
98 53 16 -8 7 -19 -12 -9 -16 9 
102 46 15 -1 -2 -15 -13 -11 -13 7 
103 46 17 -1 -7 -10 -16 -10 -14 5 
101 50 16 -5 -1 -6 -21 -13 -14 7 
104 50 12 -5 9 -4 -23 -18 -11 5 
108 53 13 0 9 0 -20 -18 -10 2 
111 58 21 -6 9 3 -13 -11 -11 0 
114 52 18 -8 14 6 -11 -6 -8 3 
111 51 18 -5 7 -5 -17 -4 -5 6 
100 46 19 -1 3 -15 -25 -11 -12 2 
91 44 41 3 -2 -10 -20 -9 -9 2 
87 34 45 4 -7 -8 -7 -5 -4 5 
73 25 38 6 -1 -4 -9 -7 -5 -3 
66 18 31 7 6 0 -5 0 4 -1 
