98 20 -20 -2 -5 6 -24 -16 -8 12 
92 22 -24 -14 -6 6 -22 -17 -15 11 
88 28 -15 -24 -6 7 -16 -16 -16 10 
86 25 -9 -26 -7 10 -9 -15 -17 7 
92 20 -14 -25 -2 9 -9 -14 -16 5 
93 20 -15 -28 4 6 -16 -15 -13 11 
94 18 -15 -22 0 3 -19 -17 -14 13 
106 17 -19 -12 -1 0 -21 -19 -12 13 
114 17 -14 -10 4 -4 -20 -19 -9 16 
105 20 -9 -8 3 -1 -20 -18 -8 17 
97 28 -11 0 3 -1 -20 -20 -7 14 
94 35 -6 3 4 -4 -21 -22 -7 14 
96 43 -2 -4 5 -3 -19 -23 -9 12 
98 45 -4 -4 13 -4 -18 -24 -11 13 
95 40 -2 -2 13 0 -18 -26 -11 12 
93 36 6 2 5 6 -16 -26 -11 7 
92 40 20 -2 0 5 -12 -19 -17 7 
93 42 20 -6 8 7 -8 -17 -21 9 
94 39 13 -9 16 14 -7 -18 -20 11 
96 36 10 -8 16 15 -12 -15 -16 12 
96 38 19 -6 12 14 -9 -11 -16 7 
99 38 29 -4 11 11 -7 -7 -18 6 
99 44 46 8 2 -9 -11 -3 -10 9 
87 37 37 1 9 -17 -17 -6 -12 3 
87 32 40 6 4 -17 -19 -10 -15 -2 
76 16 31 6 -2 -13 -9 -2 -4 -1 
63 8 30 2 3 -10 -3 3 -1 1 
60 12 33 8 9 -1 1 0 -6 -5 
62 14 34 11 12 -4 0 2 -4 -7 
60 10 32 11 10 -6 3 5 -1 -1 
