59 28 8 -3 -1 -4 -5 -8 -6 -4 
61 24 6 -5 -1 -3 -9 -10 -5 -1 
65 29 5 -6 0 1 -11 -10 -2 0 
63 26 2 -6 2 2 -5 -9 -4 -2 
56 16 -2 -5 9 2 1 -5 -4 3 
61 25 6 -1 10 -4 -6 -6 -3 7 
60 23 8 -1 10 -4 -6 -8 -7 5 
58 14 0 -4 5 -7 -2 -3 -6 1 
62 20 2 -2 6 -2 -1 0 -3 1 
63 31 10 -10 9 0 1 -5 -5 5 
66 34 11 -12 12 1 0 -8 -8 3 
75 28 -5 -17 9 -2 -5 -8 -7 3 
92 19 -20 -27 2 -7 -14 -15 -4 6 
101 13 -28 -34 4 -1 -11 -19 -11 8 
114 25 -26 -35 2 -4 -7 -19 -17 4 
118 36 -25 -34 -1 -7 -6 -20 -15 2 
110 38 -23 -33 0 -5 -9 -16 -15 2 
104 35 -18 -29 -6 -7 -9 -10 -12 2 
101 33 -15 -28 -8 -10 -8 -4 -6 1 
104 35 -13 -28 -7 -12 -6 1 -3 3 
108 35 -14 -26 -5 -10 -8 -3 -4 6 
106 36 -14 -27 -8 -8 -4 -6 -7 3 
107 39 -19 -28 -8 -6 -5 -11 -9 2 
109 35 -22 -27 0 -4 -5 -7 -9 -2 
108 30 -19 -26 6 -5 -5 -8 -9 2 
108 26 -24 -26 8 -7 -6 -9 -8 4 
103 17 -30 -27 8 -6 -5 -6 -7 5 
98 13 -30 -28 6 -1 -6 -1 -6 4 
99 14 -29 -27 4 -1 -6 1 -1 5 
90 18 -22 -24 4 -4 -7 -1 1 11 
