51 24 32 -6 14 -11 -8 4 -4 3 
43 35 32 -9 16 -11 -9 -2 -2 3 
32 36 28 6 14 -6 -7 2 -2 3 
33 34 16 9 6 -3 -5 2 -4 3 
115 46 1 -3 6 -8 -25 -14 -5 8 
121 42 3 -7 20 -3 -13 -14 -17 9 
115 44 9 -7 22 -3 -13 -12 -19 8 
116 44 12 -7 17 -8 -13 -10 -18 8 
121 39 17 -7 14 -14 -12 -9 -19 7 
116 41 23 -9 13 -14 -12 -6 -19 3 
113 39 20 -4 10 -5 -10 -12 -19 4 
111 40 19 1 4 2 -7 -14 -18 2 
106 46 21 1 0 1 -4 -11 -18 -1 
106 42 21 3 -4 3 -10 -14 -14 2 
111 41 20 0 -2 2 -16 -19 -13 8 
108 42 17 -3 5 -5 -13 -22 -15 12 
105 39 16 -4 0 -6 -13 -19 -11 11 
104 32 7 -5 -8 -1 -17 -16 -7 12 
99 19 -7 -14 -6 2 -20 -12 -14 11 
94 19 -12 -26 0 -1 -21 -11 -19 9 
93 22 -14 -34 5 -4 -22 -13 -17 8 
91 22 -20 -30 3 -6 -21 -14 -17 8 
85 24 -17 -27 -2 -2 -11 -16 -19 7 
78 30 -6 -28 5 -1 -5 -13 -21 5 
83 35 -7 -32 14 -5 -5 -14 -20 7 
85 32 -15 -36 18 -6 -10 -18 -14 9 
84 29 -20 -31 14 -3 -17 -21 -11 13 
91 31 -25 -23 12 -2 -22 -22 -8 13 
98 30 -32 -14 11 -2 -26 -21 -1 9 
95 26 -27 -9 14 -5 -30 -16 0 6 
