79 43 33 -16 -4 -22 -7 -1 5 4 
77 43 34 -12 7 -19 -6 -1 2 3 
73 42 34 -13 11 -18 -5 0 1 7 
72 42 32 -13 9 -27 -10 1 0 10 
68 44 32 -12 5 -27 -14 2 1 8 
65 43 36 -17 4 -22 -12 -2 -2 7 
68 38 33 -13 6 -22 -13 -5 -1 9 
68 32 27 -6 2 -19 -13 -6 0 11 
62 24 24 -6 6 -18 -13 -11 3 13 
59 24 24 -13 13 -19 -9 -12 2 13 
59 28 31 -23 11 -21 -8 -5 2 12 
62 33 34 -25 5 -25 -9 -6 3 9 
66 35 29 -23 3 -27 -11 -7 1 6 
69 38 26 -22 4 -27 -11 -7 -1 6 
70 36 28 -15 1 -28 -12 -1 2 3 
71 36 32 -13 -4 -29 -11 2 2 4 
70 38 30 -17 -4 -26 -8 -1 1 6 
67 33 28 -20 0 -25 -7 -4 1 7 
65 28 29 -21 1 -25 -4 -6 -1 8 
63 22 27 -13 6 -20 -9 -6 -3 8 
58 21 25 -9 10 -15 -6 -10 -3 8 
56 22 29 -10 6 -12 0 -14 -3 9 
56 20 31 -12 6 -12 -3 -18 -1 7 
54 27 30 -14 12 -21 -6 -16 -4 5 
59 33 24 -10 15 -20 -6 -13 -9 1 
66 36 26 -9 19 -12 -7 -11 -13 1 
65 37 34 -6 17 -12 -4 -9 -13 1 
63 39 45 -5 11 -15 -3 -4 -7 2 
60 43 43 -12 12 -15 -1 -4 -9 3 
54 42 34 -19 9 -13 3 -3 -6 1 
