67 35 17 -28 2 -19 -1 -1 4 9 
69 36 20 -31 -3 -20 -1 -3 -1 7 
77 34 17 -30 -7 -19 0 -2 2 5 
72 37 20 -25 -6 -15 4 1 2 8 
64 36 23 -23 4 -8 4 -5 5 16 
68 35 27 -25 8 -11 -4 -5 11 16 
74 37 29 -18 10 -18 -10 -3 9 13 
78 38 24 -11 12 -19 -7 -2 6 11 
75 35 28 -3 6 -16 -7 -4 4 13 
71 37 34 0 2 -20 -9 -3 6 16 
75 39 32 -8 3 -21 -5 3 6 14 
82 40 27 -16 4 -17 -3 4 7 15 
85 43 26 -22 3 -13 0 1 7 15 
88 46 21 -17 4 -14 0 0 6 15 
91 45 20 -17 5 -16 0 2 4 15 
90 45 20 -19 6 -15 -2 7 3 12 
83 43 24 -22 4 -13 2 6 5 11 
79 31 23 -19 0 -13 6 5 6 9 
76 26 16 -17 0 -16 5 5 7 6 
75 27 15 -21 -2 -20 0 2 3 4 
74 28 14 -26 -6 -21 -4 1 -2 2 
77 35 13 -28 -2 -20 -5 7 3 2 
81 32 14 -23 -1 -14 -3 2 7 9 
84 25 13 -17 -1 -12 3 0 7 9 
79 29 11 -14 1 -13 7 2 10 9 
72 34 16 -16 7 -15 5 10 11 7 
71 38 21 -23 11 -19 3 14 9 8 
81 37 15 -29 8 -21 1 11 7 10 
86 37 6 -26 3 -24 -6 6 4 11 
80 40 14 -22 5 -23 -14 1 3 8 
