0 0 0 0 0 0 0 0 0 0 
0 0 0 0 0 0 0 0 0 0 
0 0 0 0 0 0 0 0 0 0 
0 0 0 0 0 0 0 0 0 0 
0 0 0 0 0 0 0 0 0 0 
0 0 0 0 0 0 0 0 0 0 
0 0 0 0 0 0 0 0 0 0 
0 0 0 0 0 0 0 0 0 0 
0 0 0 0 0 0 0 0 0 0 
0 0 0 0 0 0 0 0 0 0 
0 0 0 0 0 0 0 0 0 0 
0 0 0 0 0 0 0 0 0 0 
0 0 0 0 0 0 0 0 0 0 
80 20 18 -2 2 0 10 4 6 3 
81 16 16 0 4 -2 10 12 11 4 
77 10 13 -1 3 -2 14 20 16 7 
69 16 10 -3 2 1 14 8 13 8 
67 12 14 -1 -6 -7 8 5 15 10 
71 6 12 -2 -10 -7 10 7 15 7 
68 10 9 -3 -5 -7 14 7 10 4 
65 13 10 -6 -12 -8 10 5 10 3 
65 11 10 -3 -15 -7 8 8 15 4 
59 9 9 -4 -11 -4 9 8 14 3 
54 8 7 -3 -8 -3 8 5 13 1 
55 11 9 -2 -4 -7 8 3 9 1 
57 15 11 -1 -5 -11 10 6 6 -1 
53 9 11 4 -2 -8 7 5 5 0 
58 7 10 0 -9 -7 7 5 8 5 
57 9 10 -3 -7 -7 6 3 7 5 
45 9 12 3 -3 -4 4 1 6 1 
