0 0 0 0 0 0 0 0 0 0 
0 0 0 0 0 0 0 0 0 0 
0 0 0 0 0 0 0 0 0 0 
0 0 0 0 0 0 0 0 0 0 
0 0 0 0 0 0 0 0 0 0 
0 0 0 0 0 0 0 0 0 0 
0 0 0 0 0 0 0 0 0 0 
0 0 0 0 0 0 0 0 0 0 
0 0 0 0 0 0 0 0 0 0 
0 0 0 0 0 0 0 0 0 0 
0 0 0 0 0 0 0 0 0 0 
0 0 0 0 0 0 0 0 0 0 
0 0 0 0 0 0 0 0 0 0 
0 0 0 0 0 0 0 0 0 0 
72 19 16 5 -5 -8 -3 0 3 2 
93 41 33 20 6 0 2 3 4 3 
106 63 40 22 8 0 -4 -3 0 2 
112 61 36 12 -4 -11 -14 -10 -6 -3 
115 60 36 12 -5 -14 -14 -9 -7 -4 
114 56 34 10 -6 -13 -14 -9 -7 -4 
114 50 35 -1 -8 -10 -9 -6 -6 -3 
108 45 33 -8 -11 -6 -3 -2 0 -3 
113 40 33 -9 -12 -5 -5 0 1 -3 
110 40 33 -9 -16 -9 -8 -1 -1 -3 
110 42 31 -13 -16 -8 -11 -2 -2 -4 
119 41 31 -10 -12 -7 -7 -1 -2 -2 
121 41 33 -1 -10 -8 -6 -3 -5 -4 
111 49 38 10 -2 -9 -9 -4 -8 -9 
110 49 38 14 1 -9 -6 0 -6 -10 
102 41 40 12 3 -5 -3 1 -4 -9 
