40 13 14 1 -5 -3 4 -4 5 1 
44 12 17 -2 -10 -8 1 -1 5 0 
59 18 13 -9 -10 -4 3 1 8 -3 
67 24 12 -10 -15 -5 1 -3 5 -3 
64 24 11 -7 -20 -9 2 1 1 -6 
57 19 13 3 -9 -6 2 1 0 -7 
60 21 17 6 -6 -9 -4 -5 2 -1 
50 19 19 3 -6 -7 -5 -4 5 4 
43 12 18 4 -5 -6 -5 1 5 -2 
44 14 14 4 -1 -8 -3 1 4 -2 
40 16 10 5 -1 -7 -3 -1 3 1 
44 13 11 8 -7 -5 0 1 4 2 
47 14 10 4 -7 -9 5 0 4 1 
60 13 -1 -13 -12 -5 11 10 9 1 
68 15 1 -12 -15 -5 10 6 4 -4 
68 18 8 -6 -12 -3 12 1 1 -5 
60 13 17 -3 -8 -3 9 2 5 -2 
52 11 13 -2 -11 -12 2 1 11 2 
55 18 11 -7 -14 -11 3 0 10 -1 
58 24 16 -7 -17 -10 3 -1 7 -1 
64 23 10 -8 -17 -11 1 1 4 -1 
62 16 8 -10 -17 -12 3 -2 1 -1 
55 20 9 -5 -14 -8 4 -2 -3 2 
52 24 11 -3 -13 -7 7 0 -2 2 
49 19 17 1 -9 -6 9 1 2 1 
43 19 19 4 -2 -2 3 -1 0 1 
41 18 16 0 0 -2 -1 2 4 2 
38 9 15 2 0 0 2 3 5 0 
38 3 13 2 0 -3 0 -3 0 -1 
40 5 17 6 3 -4 1 -3 -1 0 
