76 -10 9 0 -2 -9 -4 2 1 -1 
75 -11 11 -1 -1 -6 -7 4 3 -2 
79 -14 11 -2 3 -2 -8 1 1 -2 
83 -14 5 -2 -3 -4 -10 -4 1 -1 
84 -8 8 2 -5 1 -9 -4 6 -1 
77 -11 9 2 1 6 -3 -3 3 -1 
73 -17 9 0 2 2 -1 -3 -1 -2 
75 -12 18 -1 6 -5 -2 -2 -1 -4 
76 -9 17 -2 5 -6 -6 -5 -1 -5 
75 -3 18 1 -1 -5 -3 -5 0 -4 
76 0 18 5 -1 -2 5 -4 2 -2 
84 -1 17 2 -2 -5 2 -4 0 1 
85 -6 20 5 -1 -11 -3 -3 7 0 
85 -2 18 7 -1 -8 -2 -3 9 -5 
95 9 15 -6 -8 -13 -6 -3 1 -5 
97 11 22 -6 -14 -16 -8 -4 -1 -4 
92 16 24 -4 -9 -13 -8 -8 -1 -3 
84 9 21 4 1 -8 -6 -10 -4 -4 
77 -5 11 8 -3 -5 2 -8 1 2 
71 -7 11 5 1 0 3 -7 -1 -2 
72 -6 13 1 1 -3 -1 -6 -4 -1 
73 -9 14 3 -4 -4 -1 -5 -4 3 
71 -10 11 2 -5 -3 2 -3 2 -1 
73 -10 13 0 -1 2 6 -3 1 -5 
79 -9 18 -4 -4 0 1 -6 -2 -2 
73 -9 14 -7 -5 -5 -6 -8 2 0 
72 -12 12 -3 -3 -5 -4 -7 6 -2 
74 -16 11 -3 -4 -4 -4 -7 7 -4 
71 -17 11 -2 -8 -4 -5 -8 3 -1 
66 -21 13 -3 -7 -5 -5 -6 1 -2 
