19 3 20 -7 15 -16 -11 2 11 5 
22 6 21 -11 13 -19 -13 0 11 8 
26 11 18 -10 8 -17 -11 -3 11 8 
64 30 29 -4 4 -12 -13 -5 0 -1 
99 35 20 -14 0 -20 -16 -2 4 -3 
104 38 18 -15 3 -25 -9 2 5 -5 
104 36 25 -16 -2 -22 -8 3 2 -5 
100 30 25 -12 -2 -17 -12 -7 2 3 
97 26 15 -14 1 -16 -5 -12 4 1 
100 25 17 -17 1 -16 -2 -13 0 -3 
104 27 22 -17 0 -17 -6 -7 -2 -1 
103 20 17 -13 4 -19 -13 -7 -2 2 
100 19 14 -15 3 -23 -13 -8 0 -2 
99 25 18 -19 -7 -28 -9 -2 4 -7 
103 22 20 -17 -12 -25 -8 -3 2 -3 
114 19 18 -16 -10 -25 -9 -3 1 -4 
115 18 18 -19 -6 -23 -9 -3 5 -6 
107 19 14 -18 -1 -16 -10 -5 7 -3 
103 24 10 -12 2 -18 -10 -8 7 0 
102 31 11 -13 -2 -19 -4 -4 10 -1 
105 34 15 -18 -4 -15 -5 -1 10 -2 
111 35 16 -14 -3 -14 -7 5 7 0 
110 38 17 -17 0 -13 -6 7 8 0 
115 44 15 -26 8 -9 -5 4 10 1 
116 40 17 -21 3 -8 -3 7 10 -3 
112 36 22 -17 -6 -6 -1 9 9 -6 
112 36 22 -16 0 -6 -3 4 6 -2 
106 41 18 -8 4 -10 -7 -4 7 1 
98 43 19 -3 0 -16 -9 -6 7 -1 
89 42 22 -12 -6 -18 -6 -6 3 -5 
