32 9 12 -1 11 -5 2 6 5 0 
21 4 8 -5 14 -6 3 1 6 1 
22 4 15 -5 10 -7 0 -1 9 4 
21 4 20 -11 5 -11 1 -2 12 4 
18 -6 20 -13 10 -12 -3 0 13 5 
19 -13 21 -8 10 -12 -6 -1 10 7 
14 -11 23 0 14 -9 -3 -8 7 7 
10 -4 25 -2 17 -4 2 -2 9 1 
25 12 23 -3 13 -5 0 -1 5 -3 
52 34 19 -9 8 -14 -5 -5 2 0 
92 49 16 -26 0 -19 -9 -6 1 0 
101 38 16 -16 1 -20 -9 -5 0 1 
101 31 23 -12 -4 -17 -8 -10 4 4 
95 32 34 -16 -7 -19 -9 -11 6 4 
92 18 36 -11 -2 -24 -16 -5 5 0 
91 16 34 -16 -2 -22 -17 -4 9 -1 
90 24 31 -21 -6 -21 -14 -5 13 -1 
94 36 26 -24 0 -20 -12 -6 9 5 
96 31 29 -20 2 -17 -12 -5 4 8 
94 27 34 -13 -4 -17 -12 -2 6 5 
93 23 36 -5 -6 -23 -12 -4 10 8 
96 18 32 0 -3 -22 -13 -7 10 8 
101 21 26 -10 1 -17 -14 -2 9 2 
96 29 23 -17 -2 -15 -16 -4 12 -1 
88 29 22 -10 -7 -20 -20 -3 13 0 
78 26 19 -2 -4 -23 -19 -3 10 5 
56 27 26 2 -1 -11 -8 -5 6 2 
49 23 21 5 4 -7 -5 -3 8 3 
44 18 15 7 5 -5 -3 -4 3 -1 
43 23 17 3 5 -3 -6 -3 1 -2 
