19 5 25 -2 10 -10 2 14 4 -1 
24 -4 20 1 11 -11 0 11 10 5 
23 -6 18 -1 14 -12 -2 8 12 8 
29 8 17 -9 8 -14 -8 1 4 6 
41 17 20 -3 11 -15 -5 0 1 6 
87 38 19 -16 3 -23 -15 1 7 2 
103 33 21 -17 1 -19 -12 2 4 -3 
107 26 26 -18 -3 -14 -6 -3 7 -2 
108 25 30 -16 -3 -17 -8 -4 8 -1 
101 29 32 -17 6 -21 -15 -5 4 0 
93 23 27 -22 3 -19 -12 -4 2 -6 
91 20 24 -17 -2 -19 -9 0 3 -8 
95 26 24 -16 -1 -23 -11 -1 1 -5 
99 30 21 -20 -1 -22 -11 -4 3 -1 
111 36 18 -20 0 -19 -10 -1 7 -3 
119 45 12 -19 5 -18 -8 3 7 -5 
116 45 18 -17 1 -17 -6 -2 7 1 
112 49 27 -17 -5 -23 -7 -1 3 0 
103 48 31 -22 -7 -25 -9 1 1 -5 
96 49 25 -23 -11 -21 -11 -2 2 -3 
92 49 22 -24 -13 -16 -7 -2 6 -1 
80 37 18 -21 -10 -18 -6 -1 10 1 
69 24 11 -17 -10 -24 -8 -6 4 2 
47 22 14 -9 3 -15 -3 -6 -1 3 
39 25 17 -2 4 -11 -4 -7 1 1 
40 25 14 1 -1 -10 -1 -2 4 -1 
46 26 8 0 5 -10 -1 -1 0 -3 
45 20 14 6 5 -6 1 -3 -2 1 
40 15 15 8 9 0 4 0 2 5 
43 22 15 1 7 0 -2 -4 2 2 
