94 4 6 -10 -7 -12 -6 4 7 1 
100 14 10 -6 -12 -19 -5 -2 -1 -2 
101 8 18 -4 -14 -17 -4 -2 1 -4 
105 0 14 -10 -15 -11 -2 1 7 -2 
110 2 5 -11 -9 -7 -4 -5 0 -5 
105 3 2 -8 -6 -5 -4 -5 -3 -6 
102 3 -1 -10 -14 -6 -1 -3 -2 -3 
115 11 4 -17 -26 -14 -2 -6 -2 -2 
127 24 19 -18 -23 -9 3 0 3 -2 
122 32 18 -17 -13 -7 4 -3 -2 -7 
105 22 20 -13 -17 -13 9 -3 -8 -6 
97 15 14 -18 -19 -12 9 -4 -8 -7 
98 11 14 -13 -14 -10 7 -5 -8 -8 
99 11 10 -13 -10 -12 3 -6 -13 -11 
109 20 7 -21 -15 -14 3 -3 -9 -11 
112 27 9 -16 -17 -19 1 -2 0 -6 
107 25 9 -12 -11 -13 2 -5 0 -4 
115 17 12 -14 -11 -13 2 -5 -5 -3 
110 3 8 -14 -10 -7 -4 -8 -5 -5 
98 0 7 -15 -11 -4 -5 -10 -3 -10 
94 12 15 -18 -14 -10 -4 -8 -3 -9 
93 12 14 -14 -10 -12 -1 -5 -1 -8 
95 5 14 -10 -9 -7 3 -6 -2 -13 
99 9 17 -19 -18 -10 3 -3 -5 -10 
106 13 15 -20 -17 -13 0 -3 -5 -9 
108 15 17 -11 -10 -12 -6 -5 3 -6 
116 17 20 -10 -15 -16 -5 -1 9 -1 
117 25 24 -16 -21 -18 -2 1 5 1 
113 17 13 -17 -15 -15 -3 -5 2 1 
117 13 13 -12 -7 -14 -3 -4 1 -3 
