79 40 20 -7 1 -10 -8 -4 -5 -6 
88 41 27 -8 0 -10 -8 -7 -5 -2 
93 47 21 -14 -6 -14 -3 -6 2 2 
90 42 7 -22 -5 -18 -6 -4 7 0 
92 40 9 -28 -6 -21 -7 -1 4 2 
90 27 6 -23 -2 -26 -10 2 1 -1 
88 18 2 -17 1 -22 -8 -1 1 -5 
100 19 -1 -12 -3 -24 -7 -2 4 -7 
104 14 7 -10 2 -20 -10 -2 5 -3 
94 19 3 -18 1 -17 -9 -1 3 -4 
97 26 -1 -20 -7 -16 -7 2 6 -2 
102 25 3 -30 -8 -19 -10 4 5 -1 
105 15 6 -32 -5 -18 -10 8 7 -1 
101 4 -1 -25 -2 -12 -7 7 11 0 
97 0 -14 -28 -7 -20 -7 -1 12 2 
96 -1 -16 -29 -12 -25 -6 -4 9 -1 
88 8 -12 -34 -11 -26 -6 2 7 -5 
83 23 -14 -34 -6 -18 -6 6 8 -1 
83 29 -13 -28 -4 -13 -2 9 4 -1 
81 33 -10 -28 -8 -15 -2 7 1 -5 
75 26 -12 -19 0 -18 -9 -1 3 -1 
83 16 -18 -26 -3 -19 -7 1 9 -3 
90 16 -14 -25 -6 -13 -5 3 5 -5 
82 18 -5 -22 1 -8 -10 1 1 -3 
77 25 -4 -23 0 -15 -10 0 2 -1 
73 24 -5 -18 1 -20 -12 -2 4 1 
75 20 -3 -19 3 -13 -12 -6 0 3 
84 25 0 -22 2 -10 -5 -6 -3 2 
102 28 -4 -20 -2 -10 -2 -6 0 -2 
109 24 -6 -14 -11 -8 -1 -7 0 -3 
