127 67 40 7 -3 -7 -2 1 -4 -7 
124 63 36 8 -5 -6 -1 -1 -4 -8 
125 60 33 1 -9 -10 0 3 -3 -8 
122 60 30 -2 -12 -11 -2 3 -3 -6 
127 63 30 -1 -12 -11 -5 1 -2 -4 
127 60 36 -8 -11 -7 -7 0 0 -5 
127 53 42 -19 -10 -6 -6 1 4 -3 
127 57 40 -12 -11 -10 -8 3 2 -5 
122 60 31 -1 -8 -8 -4 0 -2 -5 
118 58 30 1 -5 -3 0 2 -1 -3 
121 63 42 -4 3 0 0 3 -6 -7 
127 64 42 -18 0 -6 -3 4 -3 -6 
127 58 45 -23 0 -8 -4 4 -1 -8 
114 60 41 -9 0 -3 -8 2 -3 -5 
110 58 37 -2 -2 -3 -6 0 -2 -5 
112 57 38 -4 -2 -2 -5 1 -1 -6 
113 54 38 -16 2 -3 -3 5 -1 -4 
110 55 34 -11 1 -7 -1 2 -4 -2 
106 54 44 0 3 -9 -3 -4 -4 -6 
100 52 45 2 3 -6 -8 -1 -3 -7 
99 46 51 3 7 -1 -7 -1 -6 -11 
92 40 44 7 6 -5 -5 -3 -10 -7 
92 39 42 10 5 -6 -2 -4 -7 -5 
87 36 48 9 9 -4 -7 -6 -6 -6 
73 22 36 3 6 0 -7 0 -1 -2 
65 22 37 6 9 -3 -2 2 1 0 
54 10 33 8 9 -5 -1 2 -2 -1 
60 5 31 8 11 1 -1 -1 -4 0 
58 6 28 8 11 6 1 -3 -3 1 
51 7 30 7 10 3 0 -1 -2 1 
