93 19 16 -15 -5 -9 3 -14 -6 -6 
99 21 13 -14 -8 -6 8 -3 -2 -8 
99 10 13 -15 -11 -4 2 -6 -1 -3 
96 7 10 -16 -9 -8 0 -11 -4 -7 
94 17 13 -16 1 -7 3 -7 -6 -8 
90 17 19 -15 6 -2 3 -7 -5 -4 
100 15 14 -19 -4 -8 2 -3 -2 -6 
101 20 7 -26 -8 -14 4 0 -2 -6 
96 20 7 -30 -4 -12 3 5 0 -1 
97 27 9 -23 1 -8 3 2 2 -4 
103 21 11 -18 -6 -12 4 -1 4 -3 
96 11 11 -19 -21 -17 0 1 1 -1 
90 13 13 -20 -18 -16 1 2 3 -2 
94 9 13 -15 -5 -14 -2 -2 -1 -9 
102 4 2 -20 -8 -16 -1 -1 0 -7 
96 7 -1 -24 -9 -12 -2 -1 2 -3 
87 8 5 -19 -8 -10 1 -4 0 -1 
94 8 11 -12 -7 -12 8 -2 0 -5 
100 7 12 -14 -8 -15 5 0 2 -4 
104 9 7 -25 -7 -19 0 4 5 -1 
107 13 2 -32 -11 -17 -3 4 -1 2 
109 26 8 -33 -15 -16 1 3 -6 -4 
109 27 5 -32 -14 -13 1 1 1 -8 
97 27 2 -28 -15 -8 0 4 4 -6 
90 28 -4 -25 -9 -14 -2 -5 3 -6 
91 26 -3 -21 -9 -18 0 -6 3 -4 
96 23 0 -19 -14 -13 -1 1 -1 -5 
103 25 -1 -20 -9 -15 -7 3 2 -4 
99 34 -1 -24 -5 -21 -4 4 3 -5 
100 39 3 -26 -7 -20 1 4 5 -6 
