93 15 2 -12 -4 -10 -4 -3 0 -4 
93 15 3 -16 1 -10 -3 -4 -7 -6 
100 30 7 -20 2 -14 -2 -2 -10 -3 
103 41 5 -22 -5 -17 -3 1 -1 -3 
106 40 -4 -23 -9 -17 1 1 6 -4 
106 37 -4 -24 -8 -20 6 4 6 -4 
106 22 1 -24 -6 -16 6 0 5 -5 
99 12 -1 -25 -3 -9 2 -7 -2 -6 
97 21 0 -28 4 -10 -9 -13 -7 -5 
115 31 10 -25 -1 -8 0 -8 -5 -4 
95 18 11 -18 -7 -8 6 -9 -5 -2 
87 14 9 -16 -7 -8 1 -13 -6 -1 
97 10 14 -15 -12 -6 2 -8 -1 -1 
98 9 17 -18 -16 -9 0 -5 1 -1 
95 6 13 -21 -15 -8 2 -7 -1 -4 
98 8 12 -17 -9 -6 3 -12 -3 -6 
99 10 12 -19 -5 -3 -1 -13 -3 -7 
103 4 9 -23 -13 -7 -3 -12 -6 -10 
105 8 11 -25 -16 -14 1 -9 -5 -7 
104 9 11 -25 -11 -10 2 -3 0 0 
107 7 13 -21 -15 -10 1 -6 2 0 
107 4 8 -25 -16 -13 3 -6 3 -6 
103 9 3 -27 -18 -16 1 -3 1 -11 
105 12 7 -23 -19 -15 -1 -3 -2 -6 
95 13 11 -26 -11 -19 -6 -5 -1 -2 
92 9 10 -26 -9 -21 -8 -5 -1 -5 
98 10 8 -17 -15 -14 -2 -5 -1 -6 
96 10 11 -16 -19 -11 -1 -11 0 -3 
94 4 10 -16 -19 -13 -2 -12 -2 -3 
95 4 12 -8 -6 -6 5 -2 -6 -4 
