85 38 22 -10 1 -9 -9 5 1 -3 
84 32 19 -4 10 -7 -11 1 2 -1 
81 30 17 -5 16 -5 -6 6 2 -4 
76 29 22 -8 16 -6 -8 7 1 -2 
71 25 28 -2 14 -10 -14 4 3 3 
70 22 28 4 13 -9 -13 1 9 4 
66 22 25 7 19 -3 -10 -2 10 2 
83 26 24 5 18 -4 -8 2 9 5 
97 31 21 9 15 -8 -5 3 5 6 
101 34 13 -1 10 -10 -4 7 4 4 
102 31 8 -9 7 -12 -6 8 3 4 
100 35 7 -10 11 -11 -7 7 5 2 
96 39 18 0 16 -4 -3 3 2 4 
98 46 27 3 17 1 2 0 -2 2 
97 53 30 -1 20 0 -5 1 -1 2 
93 50 25 -1 21 1 -14 3 1 5 
83 36 23 3 21 6 -13 -2 -1 3 
77 29 15 -3 20 2 -9 -1 1 4 
72 27 19 -2 27 0 -8 1 -2 9 
64 19 31 1 26 -1 -8 -3 -4 10 
54 12 29 -2 17 -5 -6 -1 -1 6 
56 17 30 9 24 -4 -7 2 -1 3 
55 15 23 16 32 0 0 2 0 1 
52 17 11 7 17 -2 -1 -1 4 4 
46 24 6 6 3 -3 -2 -3 4 2 
44 25 6 10 3 -6 -2 -6 0 1 
46 24 13 2 2 -12 -8 -6 2 3 
40 11 23 5 -7 -5 -5 -8 -1 -1 
29 3 32 10 -12 -3 -2 -9 -3 -4 
19 2 48 12 -12 0 0 -5 3 -3 
