127 23 -5 -24 -5 -21 -5 -10 -1 10 
127 20 -7 -18 -8 -20 -8 -8 -2 8 
127 17 -6 -19 -10 -22 -13 -8 -2 7 
127 20 -5 -24 -8 -22 -15 -9 -4 6 
124 26 -6 -26 -11 -20 -9 -7 -7 3 
125 21 -5 -27 -10 -17 -4 -4 -5 5 
126 20 -7 -28 -7 -14 -1 1 0 4 
116 27 -9 -26 -9 -16 2 4 4 2 
115 29 -9 -27 -10 -16 2 3 2 2 
123 25 -13 -25 -5 -15 -1 6 4 0 
127 20 -14 -25 -6 -14 0 9 6 1 
127 24 -11 -33 -3 -16 2 8 2 3 
127 25 -12 -38 1 -15 4 6 3 5 
127 20 -15 -32 -2 -13 0 7 4 4 
126 20 -15 -27 -9 -10 -4 3 3 1 
124 17 -12 -25 -15 -16 -8 -1 -1 1 
119 4 -8 -21 -10 -20 -14 -3 1 4 
111 0 -7 -23 -8 -17 -10 -2 2 5 
115 -3 -9 -24 -6 -16 -10 -5 -3 3 
121 4 -9 -27 -1 -17 -9 -1 -3 3 
125 11 -10 -27 -1 -16 -5 0 -1 2 
126 9 -11 -28 4 -15 -6 1 2 0 
122 16 -5 -31 4 -15 -5 1 3 1 
123 21 -7 -28 -1 -16 -7 4 4 0 
127 20 -14 -35 7 -16 -11 6 3 -1 
123 21 -10 -40 8 -13 -13 4 4 1 
112 17 4 -35 2 -10 -9 1 3 6 
96 22 6 -26 1 -11 -5 -4 1 6 
92 20 -12 -32 -2 -12 -2 -3 2 7 
108 19 -8 -31 -3 -10 0 -1 0 5 
