101 50 23 -4 -11 -19 -12 -13 -12 -13 
109 51 15 -13 -13 -21 -18 -16 -15 -10 
113 38 7 -17 -13 -18 -18 -21 -18 -9 
121 32 5 -15 -14 -23 -17 -17 -12 -6 
113 22 0 -4 -10 -21 -18 -16 -10 -3 
109 21 3 -3 -5 -16 -19 -16 -15 -8 
112 29 9 -7 -5 -18 -17 -15 -16 -7 
120 32 9 -14 -2 -18 -16 -15 -14 -3 
117 33 7 -18 1 -13 -14 -10 -11 -3 
111 30 10 -18 -9 -22 -20 -8 -3 0 
106 30 13 -18 -10 -27 -21 -15 -3 3 
104 30 21 -19 -6 -21 -13 -20 -5 5 
98 32 25 -24 -4 -18 -13 -16 -10 3 
96 35 22 -26 -7 -25 -17 -13 -11 2 
96 32 18 -26 -11 -24 -14 -10 -8 1 
98 29 12 -30 -12 -19 -11 -10 -8 0 
99 29 9 -22 -8 -16 -13 -10 -6 0 
95 27 8 -16 -4 -14 -15 -10 -6 1 
88 21 7 -23 -8 -18 -14 -9 -9 -1 
89 24 10 -23 -5 -18 -12 -9 -7 -2 
97 27 14 -21 1 -10 -10 -9 -4 1 
96 23 14 -22 -4 -14 -8 -6 -3 4 
91 22 14 -28 -8 -18 -9 -6 -5 5 
96 30 16 -29 -5 -12 -5 -6 -6 7 
101 31 12 -19 -1 -12 -2 -3 -2 3 
95 29 13 -11 -1 -12 -5 -6 -5 -1 
95 39 10 -16 0 -14 -10 -8 -5 -3 
96 53 12 -19 -4 -9 -1 -4 -3 1 
86 52 21 -6 7 -8 -4 -8 -1 0 
74 44 26 -8 4 -14 -1 -7 0 1 
