127 16 2 -34 -11 -12 -7 -6 -7 7 
125 12 1 -28 -15 -10 -8 -5 0 7 
127 12 2 -23 -15 -9 -8 -8 4 7 
127 11 4 -24 -13 -13 -9 -9 5 7 
127 15 1 -21 -15 -11 -10 -8 3 8 
127 15 4 -22 -11 -8 -11 -4 0 8 
127 12 6 -25 -7 -7 -10 -1 -1 5 
127 14 1 -28 -13 -10 -13 -4 -3 3 
119 16 0 -38 -13 -12 -13 -8 -7 3 
125 13 4 -36 -8 -11 -7 -2 -3 2 
127 13 5 -32 -8 -13 -3 -2 1 3 
127 17 -1 -26 -9 -12 -7 -5 0 3 
121 14 -6 -26 -9 -17 -14 -4 -4 -1 
127 12 -9 -30 -9 -16 -13 -8 -2 1 
126 10 -9 -30 -10 -17 -14 -11 1 5 
121 9 -5 -33 -6 -15 -15 -7 0 6 
127 12 -4 -36 -6 -8 -12 -7 -3 4 
127 13 -5 -35 -13 -7 -8 -8 -6 3 
127 14 -9 -28 -17 -9 -4 -10 -7 0 
125 13 -4 -18 -14 -7 -1 -8 -6 -3 
125 15 -4 -16 -9 -11 -2 -10 -6 -2 
118 19 -7 -16 -8 -11 -8 -13 -7 0 
113 23 -5 -16 -3 -9 -15 -16 -9 0 
120 23 -3 -20 2 -11 -15 -13 -8 -3 
119 24 2 -16 2 -9 -13 -12 -10 -6 
110 24 5 -14 3 -5 -10 -9 -14 -10 
125 21 -4 -24 2 -7 -11 -8 -10 -4 
127 23 -9 -32 1 -9 -7 -10 -8 -1 
127 22 -8 -33 -6 -11 -1 -3 -5 -5 
123 18 -13 -30 -13 -10 3 2 0 -4 
