100 30 20 -5 -13 -22 -16 -9 -10 -11 
105 35 15 -12 -8 -16 -19 -11 -9 -13 
109 39 16 -9 -1 -8 -16 -10 -9 -13 
115 30 13 -11 -6 -15 -13 -4 -7 -12 
116 20 7 -18 -10 -22 -12 -1 -2 -9 
114 22 10 -8 -5 -23 -9 1 -4 -7 
109 24 6 -7 -7 -17 -7 -4 -12 -13 
114 23 1 -20 -15 -20 -8 -7 -13 -13 
120 27 4 -21 -9 -20 -5 -1 -13 -11 
113 28 9 -23 -7 -20 -9 3 -12 -10 
109 28 7 -27 -8 -23 -10 -3 -11 -8 
114 29 8 -21 -5 -22 -2 -4 -10 -2 
119 31 1 -25 -5 -24 -2 -1 -9 -3 
118 34 -1 -25 -6 -17 -3 0 -3 0 
109 30 5 -20 -9 -15 -6 -2 -2 2 
111 35 6 -21 -8 -18 -7 -7 -4 -1 
118 38 3 -21 -5 -18 -4 -2 -1 -3 
110 27 5 -20 -6 -18 -3 3 2 1 
105 30 7 -21 -6 -18 -5 0 -3 3 
110 30 2 -24 -3 -17 -4 -3 -7 -1 
110 28 0 -23 -2 -14 -8 -7 -8 -2 
110 27 -3 -24 0 -10 -10 -9 -9 -3 
112 25 -7 -26 4 -12 -10 -8 -6 -1 
118 25 -8 -29 1 -13 -8 -5 -6 0 
125 22 -7 -28 -8 -9 -8 -3 -6 1 
117 19 -5 -30 -9 -14 -7 1 -2 3 
108 23 -1 -29 -12 -23 -4 8 1 2 
110 16 -4 -21 -13 -21 -6 2 2 3 
101 17 -3 -26 -16 -24 -8 2 -2 3 
105 25 3 -27 -11 -22 -9 5 -2 2 
