114 24 7 -23 1 -10 -7 -5 -7 -1 
114 22 5 -32 0 -10 -4 -1 -7 -2 
118 20 0 -31 5 -11 1 2 -4 -1 
116 22 -2 -28 5 -10 4 1 -6 -2 
113 15 5 -30 -3 -8 6 -2 -6 -2 
118 17 6 -33 -9 -8 5 -3 -6 -1 
111 27 -1 -34 -10 -15 6 -2 -3 -2 
107 30 -3 -31 -11 -17 3 2 3 1 
102 44 0 -27 -4 -20 -5 0 4 5 
96 48 -1 -25 -7 -16 -3 3 2 3 
96 51 4 -17 -6 -11 -3 5 4 4 
90 54 14 -16 -4 -15 -5 3 0 5 
82 47 15 -18 -10 -26 -10 -3 -6 4 
86 54 13 -18 -12 -24 -6 1 -2 2 
91 60 18 -18 -15 -23 -2 2 0 2 
96 50 27 -14 -11 -21 -2 2 1 3 
90 47 30 -4 -6 -17 -10 0 2 4 
90 49 29 -1 -2 -15 -13 -4 1 0 
94 45 26 -5 -2 -14 -10 -5 -5 0 
92 44 26 -13 -5 -20 -8 -10 -8 3 
106 35 25 -8 12 -21 -13 -6 -5 -1 
110 30 19 -1 14 -16 -13 -4 -6 -2 
102 34 23 2 12 -9 -14 -11 -10 1 
97 31 22 8 8 -13 -9 -9 -9 -4 
85 32 33 4 7 -7 0 -9 -5 -2 
76 25 27 3 8 -2 2 -7 -1 -4 
69 24 23 2 7 -3 -3 -9 -1 -6 
64 21 21 3 5 -4 -1 -8 -1 -3 
67 22 20 5 4 -3 3 -6 -1 -2 
62 21 20 3 5 -4 4 0 3 -4 
