47 -4 15 10 -3 -13 -8 -4 2 2 
75 10 21 6 -7 -14 -12 -13 -11 -7 
79 16 16 4 -5 -16 -12 -15 -7 -5 
79 8 7 6 -2 -18 -14 -9 0 -4 
90 10 7 5 -4 -15 -20 -16 -7 -12 
91 13 7 2 -4 -12 -22 -22 -12 -13 
99 12 2 2 5 -7 -20 -25 -19 -14 
99 12 3 2 5 -7 -16 -24 -20 -17 
96 14 11 3 -5 -11 -14 -19 -16 -18 
99 17 16 5 -6 -8 -12 -16 -15 -18 
101 17 12 5 -3 -7 -15 -14 -13 -16 
100 18 6 0 0 -7 -10 -16 -19 -18 
100 17 7 2 0 -6 -6 -16 -21 -19 
104 17 9 2 1 -4 -10 -17 -13 -18 
104 17 10 0 0 -3 -7 -16 -16 -18 
105 16 7 2 -3 -3 -6 -17 -19 -17 
101 16 6 3 0 -2 -6 -16 -15 -18 
92 13 7 2 -1 -5 -2 -11 -12 -17 
95 6 9 -3 -7 -8 -5 -11 -6 -11 
94 10 10 -1 -7 -6 -12 -10 -1 -7 
88 15 8 4 -5 -8 -15 -10 -3 -6 
84 13 6 3 -4 -10 -12 -10 -6 -10 
77 7 4 5 -3 -12 -9 -7 -4 -7 
86 19 8 7 -5 -16 -9 -9 -1 -6 
96 26 16 7 3 -9 -8 -13 -6 -11 
99 30 22 9 6 -7 -10 -14 -13 -10 
96 32 24 7 2 -10 -11 -11 -9 -7 
89 24 22 8 3 -8 -9 -10 -7 -5 
75 17 17 11 7 -5 -4 -7 -3 -3 
67 18 25 12 5 -11 -9 -5 0 -4 
