98 28 7 -7 -3 -12 -14 -8 5 7 
107 31 11 1 0 -14 -13 -7 5 4 
109 37 10 5 2 -15 -11 -7 4 2 
110 41 8 2 2 -8 -6 -2 0 0 
111 33 2 -6 3 -1 1 0 -4 0 
107 27 -1 -7 4 0 7 3 -2 3 
108 33 1 -8 1 1 5 -1 0 4 
106 35 3 -7 -2 -4 -2 -3 2 0 
106 34 2 -6 1 -5 -7 -4 -1 -3 
109 38 -1 -14 -3 -10 -11 -4 -1 0 
108 38 -2 -17 -5 -9 -10 -4 -1 2 
101 35 -2 -15 -3 -3 -6 -2 -4 0 
98 32 3 -6 -3 -8 -12 -5 -4 -2 
102 36 2 -4 2 -5 -11 -6 -8 -2 
103 38 1 -5 1 -3 -9 -6 -10 -4 
108 37 -1 -9 -7 -5 -7 -6 -5 -5 
110 34 1 -11 -7 -10 -10 -6 -4 -3 
101 33 8 0 -4 -13 -18 -11 -1 1 
89 30 10 4 0 -8 -16 -8 2 2 
77 21 10 3 4 -4 -10 -2 -2 0 
72 20 14 10 10 -9 -8 -6 -7 0 
74 26 18 12 5 -6 -3 -10 -8 -3 
67 25 17 11 10 1 -6 -10 -7 -5 
55 15 17 5 8 0 -3 -4 -1 -2 
57 17 18 2 8 2 5 0 -2 -2 
64 14 15 3 7 -1 2 -3 3 2 
56 17 9 3 -2 -5 -3 -2 7 3 
51 15 8 1 1 -5 0 2 2 1 
49 8 7 -2 0 -7 3 3 4 3 
48 11 6 2 -3 -10 -1 5 8 3 
