102 35 -8 -4 1 -15 -12 -12 -4 -11 
100 33 -15 -14 -8 -18 -13 -9 -5 -11 
102 35 -11 -10 -10 -20 -9 -10 -5 -8 
101 29 -5 -10 -8 -21 -12 -9 -1 -2 
100 30 -2 -17 -3 -17 -13 -5 -1 -2 
107 32 -3 -21 -8 -21 -16 0 -2 -2 
108 28 -8 -20 -10 -24 -20 1 2 2 
102 31 -6 -16 -7 -23 -16 -6 5 -1 
99 23 -8 -12 -4 -22 -14 -8 1 -3 
97 19 -13 0 4 -16 -14 -11 -1 -6 
95 17 -15 5 12 -12 -11 -13 -5 -7 
95 20 -14 -1 9 -12 -12 -10 -5 -4 
94 24 -12 -2 3 -12 -16 -11 -4 -4 
101 28 -5 -3 5 -15 -16 -7 -4 -3 
106 33 -2 -4 7 -11 -17 -7 -4 -4 
105 24 -13 -5 5 -8 -11 -9 -5 -5 
101 12 -17 -10 5 -10 -12 -8 -3 -2 
103 17 -12 -5 8 -8 -14 -7 -2 -2 
103 29 -9 -1 4 -10 -16 -11 -2 -1 
101 36 -7 -2 3 -8 -13 -12 0 0 
88 37 -1 0 15 0 -6 3 2 -4 
92 41 8 4 14 4 -7 2 0 -4 
92 41 14 9 13 2 -8 1 1 -6 
84 36 13 11 15 -2 -14 0 1 -1 
81 37 14 11 15 -1 -14 0 5 0 
69 33 20 9 19 0 -6 6 5 -4 
69 31 16 8 15 -1 -3 4 4 2 
63 33 22 9 8 -1 -2 -1 -2 3 
52 27 24 11 7 -2 0 0 -2 0 
44 25 24 15 11 3 0 0 -1 -1 
