0 0 0 0 0 0 0 0 0 0 
0 0 0 0 0 0 0 0 0 0 
48 24 19 15 -1 0 10 -3 2 -6 
63 25 19 4 -2 9 11 -5 -4 -13 
41 15 32 6 -7 -4 13 -10 -2 -8 
38 0 35 8 -1 -9 -1 -9 1 -5 
37 1 31 3 -4 -8 -4 -5 4 -6 
33 4 18 -1 -3 -8 -2 -3 -2 -4 
34 7 13 4 -4 -9 3 -3 -7 2 
46 14 16 1 -3 -7 7 -3 -12 -1 
50 20 20 -2 -5 -7 9 -6 -9 -6 
47 18 19 2 -4 -12 6 -7 -5 -5 
47 10 17 2 -2 -9 0 -5 -5 -4 
46 10 17 5 -6 -13 0 -5 -4 -5 
41 9 17 3 -7 -18 -3 -4 -4 -1 
37 8 14 -1 -7 -19 -4 -4 0 -2 
37 13 13 -1 -7 -20 -1 -4 2 -2 
39 15 5 -3 -4 -16 -2 -4 -1 -3 
35 11 4 -5 -7 -17 -3 -4 0 -6 
29 9 8 -4 -15 -21 0 -3 -2 -5 
33 11 9 -3 -11 -21 5 2 -3 -3 
38 15 7 -6 -3 -12 1 0 3 -7 
23 10 6 6 -9 -9 4 -3 -1 -7 
-8 -2 3 6 -8 -19 5 -5 -4 0 
-16 -9 2 0 -5 -23 7 -3 -3 -2 
-8 -9 5 -1 -4 -15 8 2 -4 -8 
-9 -8 1 1 -7 -14 10 1 -5 -5 
-5 -6 1 5 -4 -15 9 -1 -1 -6 
-1 -8 1 5 -1 -16 13 0 1 -4 
9 5 6 1 0 -11 14 3 -2 -2 
