48 20 11 -3 -3 -12 2 4 3 -5 
46 18 12 2 -3 -16 -4 5 9 -6 
48 16 7 5 4 -22 -8 -1 11 -5 
52 18 3 1 1 -21 1 2 5 -4 
50 21 7 1 -6 -17 5 4 3 -4 
50 20 10 5 -4 -18 0 2 8 -6 
52 25 4 4 -4 -14 -5 4 8 -7 
53 22 3 8 -3 -12 -8 3 2 -1 
57 19 9 8 -2 -13 -7 1 6 0 
59 19 10 9 0 -14 -8 2 11 -5 
58 13 5 9 2 -12 -10 0 1 -12 
47 5 -2 4 -1 -19 -13 -10 -9 -18 
39 0 -6 5 -2 -25 -17 -9 -8 -18 
50 0 -4 8 3 -22 -14 -3 -2 -11 
56 1 -8 2 1 -15 -9 -2 -2 -10 
56 7 -10 -3 0 -12 -5 -2 -2 -13 
56 9 -8 -1 4 -17 0 0 -4 -9 
57 16 0 -1 9 -17 -1 0 -2 -6 
54 19 -3 -4 15 -13 -8 -2 1 -6 
54 16 -6 -4 15 -16 -5 4 0 -8 
61 22 1 -3 11 -15 -1 7 -3 -9 
64 25 -3 -4 6 -14 -4 5 -1 -8 
65 25 -10 -3 8 -14 -6 4 -1 -8 
63 24 -5 -3 12 -13 -5 1 1 -5 
63 21 -13 -6 7 -6 -1 3 -2 -6 
61 18 -10 -2 10 -3 3 7 -3 -6 
60 14 -5 0 16 -7 1 6 1 -2 
72 20 -9 -3 10 -9 2 3 1 -2 
78 23 -5 -3 6 -4 4 3 -2 -4 
73 17 -4 -2 16 1 2 4 1 -5 
