-5 8 20 12 7 -8 -3 3 4 -11 
8 27 32 13 12 -6 5 5 5 -9 
39 42 33 4 7 -4 5 2 2 -8 
54 28 20 8 13 -3 9 2 -3 -5 
57 27 21 15 11 -5 4 1 -1 -7 
54 32 24 18 10 -7 1 -3 1 -8 
57 27 14 3 5 -2 5 3 1 -9 
60 27 15 3 4 -4 4 5 -1 -10 
63 20 7 5 11 -5 5 8 0 -11 
68 21 9 -2 7 -5 4 9 6 -9 
68 32 18 -1 5 -5 0 6 3 -7 
57 25 23 12 14 -4 1 5 0 -12 
64 23 14 7 12 -4 8 11 2 -15 
73 25 4 0 10 -10 9 12 2 -12 
72 26 7 0 7 -8 8 11 4 -10 
65 35 13 2 7 -4 6 8 2 -4 
64 36 8 -1 7 -3 11 10 -1 -5 
66 27 7 3 8 -6 15 16 -1 -6 
68 20 6 3 9 -5 12 15 1 -3 
69 22 7 0 11 -1 9 11 6 -4 
70 25 3 -3 13 -6 10 13 8 -2 
68 24 -1 -3 14 -9 9 14 7 0 
66 25 5 -5 12 -7 9 13 10 -2 
70 22 2 -8 13 -8 5 15 10 -2 
67 25 3 -3 12 -8 6 15 9 -2 
66 26 4 -4 4 -5 14 14 7 1 
69 24 -2 -9 2 -5 15 12 3 -3 
66 26 -3 -8 6 -2 13 11 3 -8 
66 27 0 -10 3 -6 10 11 4 -4 
63 28 -2 -11 -1 -4 10 11 3 -2 
