61 17 -5 -8 8 -18 -1 -3 -8 -9 
67 21 0 -3 12 -12 2 -3 -7 -6 
71 17 -1 1 13 -12 1 1 -4 -8 
73 14 -11 -1 12 -14 -3 3 -4 -8 
72 19 -6 1 14 -6 1 3 -2 -6 
71 26 3 -2 12 -7 10 4 -4 -4 
72 25 -1 -9 12 -13 7 5 -3 -5 
70 28 -7 -9 9 -8 5 5 -2 -9 
74 25 -6 2 10 0 7 8 2 -10 
78 26 0 -2 9 -4 3 9 2 -5 
80 29 1 -6 10 -5 4 7 -2 -6 
72 31 1 -3 14 -4 6 4 -1 -6 
64 36 4 -1 15 -2 4 3 2 -3 
66 34 4 -2 17 -3 3 3 -1 -3 
69 27 -2 -5 14 -5 6 7 -1 -5 
66 25 -6 -6 10 -5 10 9 -1 -7 
61 27 -2 -3 13 -5 12 9 -5 -6 
63 31 -1 -8 12 -11 4 9 -5 -7 
60 30 -6 -11 8 -15 3 7 -1 -2 
62 29 -15 -14 6 -16 7 3 -1 -2 
64 34 -13 -20 2 -10 8 5 -1 -3 
66 31 -12 -16 -2 -12 7 11 0 -4 
72 32 -13 -20 3 -9 7 14 0 -5 
79 38 -9 -22 -1 -1 8 13 -1 -4 
77 43 -3 -15 -5 -7 7 19 2 -5 
73 45 -1 -14 2 -10 1 18 1 -6 
77 35 2 -8 5 -8 5 12 -6 -5 
74 28 7 -3 6 -4 3 11 -5 -7 
78 32 21 6 4 -11 -5 14 5 -7 
85 36 21 5 6 -12 -1 15 7 -8 
