5 -8 19 1 10 5 -1 5 -6 -10 
31 -5 17 -6 6 -4 0 -6 -5 -10 
79 5 13 -17 -9 -12 10 2 4 -8 
82 12 13 -5 0 -9 11 3 5 -8 
79 22 27 14 13 -5 7 -6 1 -8 
79 30 30 15 6 -5 6 -6 4 -9 
72 26 25 10 7 -7 1 1 6 -13 
73 27 24 5 8 -2 -2 -2 1 -14 
76 26 21 7 10 -5 -7 -9 -3 -9 
77 20 15 6 11 -10 -11 -10 0 -11 
77 20 9 2 8 -3 -7 -7 5 -14 
74 19 10 9 8 -8 -2 -3 7 -10 
73 18 7 9 6 -15 -4 -2 5 -11 
73 10 3 2 0 -20 -4 -2 -2 -10 
72 6 3 -4 -3 -17 -2 -3 -5 -9 
66 2 -4 -6 -1 -18 -4 -8 -4 -12 
56 -2 -8 -7 4 -18 -8 -9 -2 -15 
54 -4 -9 -7 2 -19 -10 -10 -2 -13 
55 0 -20 -1 -6 -18 -9 -12 -5 -13 
51 2 -22 -2 -5 -17 -4 -7 -7 -12 
45 -1 -24 -8 2 -20 -2 -2 -3 -12 
39 4 -28 -12 11 -15 0 -3 4 -7 
25 5 -20 -7 10 -16 2 1 8 -9 
18 -4 -18 0 15 -13 -9 4 7 -12 
9 -1 -10 8 20 -16 -4 -1 5 0 
8 12 3 3 5 -15 1 9 6 1 
14 18 5 11 5 -7 -1 5 3 -4 
22 19 6 0 2 0 6 3 4 0 
20 16 4 -4 4 -3 4 2 3 1 
15 17 2 3 10 -6 0 1 -1 0 
