22 -64 10 -17 -10 -11 22 7 -10 10 
18 -62 6 -15 -11 -11 21 10 -11 10 
12 -54 7 -14 -7 -12 23 8 -12 11 
12 -47 11 -15 -9 -16 17 6 -16 8 
18 -39 16 -9 -14 -12 16 5 -13 8 
14 -21 22 6 -5 -12 12 6 -10 6 
16 -1 20 12 -1 -15 9 1 -9 4 
2 -15 31 12 -3 -20 17 3 -12 5 
28 -11 24 -14 -26 -36 -2 7 -13 6 
39 -3 19 -25 -20 -24 7 18 -10 0 
33 -6 3 -24 -8 -13 9 12 -8 3 
42 6 -2 -18 1 -13 5 8 -14 -4 
52 -6 11 -4 -2 -11 12 7 -15 3 
50 1 7 2 -11 -9 8 8 -13 -1 
46 0 17 -2 -9 -9 12 8 -10 1 
49 4 26 -3 -2 -14 12 7 -9 2 
41 17 26 -1 4 -23 14 7 -9 4 
25 14 34 -6 9 -19 23 7 -13 3 
20 13 39 -7 12 -17 24 6 -12 1 
15 11 36 -2 7 -19 24 5 -14 2 
13 7 34 1 4 -18 27 3 -19 8 
9 -4 25 0 1 -12 23 -4 -15 10 
4 -19 28 5 2 -5 23 -8 -12 6 
-1 -29 22 3 2 -8 31 -7 -8 7 
-10 -35 8 -3 4 -9 35 -8 -5 6 
-10 -36 -4 -11 4 -10 24 -12 2 9 
-18 -33 2 -4 7 -12 18 -7 3 9 
-19 -31 0 -7 5 -12 26 -4 -6 5 
-12 -30 1 -18 -1 -12 31 -9 -10 7 
-14 -31 2 -18 -9 -15 31 -6 -4 5 
