111 60 36 10 2 -3 -9 -8 -8 -7 
118 62 42 8 1 -4 -9 -8 -7 -5 
109 60 41 12 5 -6 -8 -5 -5 -5 
111 60 38 6 1 -12 -12 -4 -7 -4 
124 59 46 -6 6 -14 -12 1 -11 -7 
112 58 49 -2 12 -4 -8 1 -5 -6 
112 60 46 -1 10 -3 -5 3 -1 -3 
124 63 43 -4 9 -7 -5 7 -5 -5 
122 65 45 -5 7 -7 -8 4 -6 -5 
126 69 47 -15 1 -9 -11 1 -5 -2 
119 64 35 -13 -5 -14 -12 2 -3 0 
113 58 33 -7 -4 -8 -7 6 2 0 
117 58 31 -8 -3 -4 -6 3 -3 -3 
118 58 29 -7 -6 -8 -9 -4 -6 -5 
126 61 37 0 -10 -9 -12 -8 -3 -5 
127 58 44 -3 -8 -9 -19 -9 0 -4 
127 61 34 -7 -10 -11 -13 -5 -3 -9 
127 60 29 -9 -13 -12 -10 -5 -5 -9 
127 51 27 -13 -11 -11 -8 0 -2 -7 
127 56 25 -5 -3 -3 -2 6 1 -8 
121 55 21 0 -4 -3 -1 4 0 -6 
117 54 20 -1 -7 -8 -4 2 1 -4 
122 55 21 -2 -6 -12 -7 3 2 -3 
127 48 19 -4 0 -12 0 6 -4 -2 
127 51 26 -5 0 -12 -4 4 -7 -6 
127 63 28 -11 -2 -20 -4 9 -1 0 
127 65 27 -8 -7 -13 -1 5 -1 0 
127 62 27 -7 -10 -11 -4 0 -3 -2 
127 54 31 -22 -10 -14 -3 -1 -4 -1 
127 51 36 -20 -9 -9 -3 3 -1 -2 
