64 10 -3 -14 -3 -11 3 8 -4 -6 
56 8 -1 -13 -4 -16 3 8 -7 -7 
52 7 -5 -14 -3 -18 3 9 -8 -7 
49 5 -6 -11 -2 -14 7 9 -5 -3 
42 -1 -3 -1 3 -13 9 8 -3 -4 
41 1 4 3 8 -14 7 8 -4 -7 
45 1 1 -3 7 -15 7 11 -3 -4 
48 7 2 -4 7 -14 11 9 -3 -1 
50 15 11 5 8 -15 12 5 -5 -1 
56 15 4 7 8 -13 4 11 0 -1 
59 20 6 6 11 -15 -1 11 -1 -3 
62 21 11 3 10 -15 -1 8 2 -3 
63 21 8 -3 7 -17 9 9 -2 -3 
61 20 2 -4 10 -19 12 11 -2 -3 
62 17 4 -1 11 -15 9 11 -2 -6 
66 19 9 -1 7 -14 2 8 -3 -6 
60 17 6 -12 5 -17 7 7 1 -3 
53 13 5 -11 6 -13 10 9 3 -3 
55 13 5 0 2 -9 13 11 -1 -2 
51 16 7 -4 3 -7 16 11 -2 0 
47 17 12 -7 9 -4 12 9 1 -2 
56 11 8 -4 5 -5 13 9 1 -3 
57 17 4 -2 3 -8 12 9 -4 -4 
50 19 5 -2 5 -11 9 9 -4 -3 
45 11 -2 -8 5 -10 10 9 -3 -2 
46 3 -10 -11 6 -15 8 11 -1 -4 
47 6 -7 -9 6 -16 8 9 -1 -6 
48 12 0 -2 3 -12 9 5 -2 -6 
42 9 5 1 5 -12 7 9 -6 -3 
39 7 -6 -1 2 -12 8 14 -3 0 
