39 25 40 32 15 4 7 -11 -7 -4 
32 37 44 34 13 -2 13 -5 -9 -9 
41 26 30 24 6 4 18 -4 -12 -10 
37 28 27 16 9 0 13 -8 -13 -10 
26 36 32 23 7 -9 7 -12 -14 -9 
26 38 30 25 0 -8 10 -12 -11 -7 
28 35 28 24 5 -7 4 -18 -8 -2 
35 27 29 30 9 -13 -5 -17 -8 0 
37 27 35 30 5 -16 -10 -11 -7 0 
36 28 46 28 0 -19 -14 -6 -2 -6 
38 24 44 28 6 -16 -15 -10 -5 -8 
39 25 40 20 3 -17 -11 -5 -4 -6 
36 24 42 12 -3 -18 -3 -5 -6 0 
34 20 37 12 -6 -17 0 -6 -8 1 
34 18 32 17 -8 -17 -2 -5 -7 0 
33 21 31 17 -1 -21 -3 -6 -8 2 
33 22 31 15 2 -20 -6 -9 -5 -1 
34 22 20 13 -2 -17 -5 -12 -3 -3 
36 19 5 10 -5 -22 -1 -10 -3 -7 
35 14 2 10 -8 -21 1 -9 -4 -6 
36 18 1 12 -6 -22 1 -12 -8 -1 
36 22 1 14 -5 -25 0 -14 -7 -1 
34 20 2 13 -5 -27 3 -11 -7 -7 
30 21 6 11 -9 -28 5 -9 -9 -8 
29 24 12 10 -13 -24 4 -7 -14 -7 
29 17 15 11 -19 -20 8 -4 -17 -10 
32 16 17 11 -18 -16 12 -5 -11 -10 
36 22 17 7 -12 -4 10 -9 -3 -6 
30 21 22 9 -12 -2 14 -8 -1 -1 
32 32 29 15 -11 -7 15 -11 -2 -1 
