11 13 12 -8 -20 -19 16 8 4 -1 
24 18 8 -12 -24 -21 15 7 1 -1 
43 31 15 -10 -16 -21 14 2 0 0 
44 32 15 -7 -9 -19 13 -2 2 -4 
63 28 1 -9 -1 -16 7 0 -3 -4 
62 29 2 -10 1 -16 5 0 -2 -4 
44 25 17 -1 -4 -11 8 -7 -3 -6 
52 8 2 -6 -3 -17 9 -2 1 -4 
57 7 -4 -4 1 -13 13 6 4 -4 
66 15 -3 1 -3 -9 5 7 5 -9 
73 17 -5 0 -2 -7 3 5 2 -8 
73 9 -5 -4 -3 -9 6 4 4 -5 
73 10 -5 -5 -6 -12 4 2 1 -8 
71 16 0 -6 -9 -14 7 5 -6 -6 
67 14 3 -6 -9 -15 14 8 -7 -1 
65 16 0 -9 -7 -17 15 10 -3 -2 
67 23 -5 -11 -6 -18 13 7 -3 -6 
64 22 -4 -7 -5 -15 14 5 -3 -7 
47 14 7 -2 -4 -14 15 7 -1 -5 
42 10 12 -1 -1 -15 14 10 -2 -3 
51 8 6 -4 1 -11 16 13 -5 -2 
56 5 -3 -10 -6 -9 14 12 -5 1 
56 7 -4 -14 -10 -11 11 8 -5 1 
52 17 2 -9 -12 -12 13 8 -4 0 
43 31 8 2 -6 -8 11 0 -4 -1 
44 25 10 10 -1 -15 6 1 -3 0 
48 15 3 7 2 -12 6 6 -4 -3 
49 20 4 9 -1 -10 8 4 -2 -3 
48 32 13 14 -11 -9 15 -6 -6 -3 
45 27 13 11 -8 -10 12 1 -8 -2 
