49 9 13 9 -9 -16 -1 -6 -10 -3 
57 6 5 7 -11 -14 0 -7 -11 -4 
55 7 8 1 -9 -12 -1 -9 -16 -2 
55 9 8 1 -5 -14 -2 -3 -11 -1 
59 6 4 5 -6 -16 -1 -4 -9 -4 
60 9 6 8 -8 -20 -5 -8 -11 -1 
58 12 5 7 -4 -19 -6 -5 -13 -3 
57 10 3 5 -9 -17 -5 -4 -13 -2 
53 10 5 3 -12 -22 -3 -6 -14 -1 
54 8 8 5 -6 -16 0 -4 -15 -2 
53 3 9 6 -10 -15 0 1 -10 -5 
51 0 7 5 -18 -19 -4 -1 -7 -7 
52 8 7 8 -18 -19 -8 -5 -11 -6 
51 8 5 10 -11 -18 -1 -3 -12 -6 
53 7 6 11 -12 -17 4 -3 -14 -7 
58 8 3 10 -9 -16 2 -5 -18 -9 
57 7 0 9 -5 -13 2 -6 -13 -8 
56 3 -1 7 -11 -9 5 -5 -11 -10 
58 2 0 3 -7 -9 5 -1 -14 -11 
60 2 1 1 1 -15 3 0 -15 -9 
57 2 2 2 1 -14 1 -3 -12 -10 
55 8 5 7 -1 -12 1 -4 -11 -7 
53 10 10 6 2 -13 -1 2 -9 -5 
55 9 7 0 1 -10 0 8 -7 -6 
61 15 4 -3 -5 -11 9 10 -6 -4 
59 29 11 1 -8 -8 8 7 -2 -3 
51 33 14 6 2 -4 6 7 3 -7 
58 29 -6 0 4 -3 5 10 9 -7 
53 21 -4 3 -8 -1 8 8 3 -3 
33 23 28 8 -19 -8 9 2 -7 1 
