38 30 10 9 5 -4 -2 -9 -14 -13 
38 27 12 9 1 -5 -2 -11 -15 -14 
33 30 16 10 8 -8 -8 -12 -11 -12 
31 28 22 10 6 -8 -7 -8 -12 -14 
31 27 21 7 2 -8 -9 -11 -16 -13 
31 26 13 7 2 -8 -10 -17 -14 -12 
14 15 27 9 -5 -6 -2 -15 -14 -10 
-11 3 38 11 2 -6 2 -17 -16 -4 
-17 2 34 11 1 -7 -1 -14 -17 -1 
10 21 22 -3 -8 -7 9 -2 -6 -1 
59 32 1 -7 -8 -12 9 3 4 -4 
72 18 -14 -13 5 -19 2 13 -2 -3 
73 9 -13 -10 6 -17 2 13 1 -4 
67 5 0 1 -2 -14 7 8 -2 -5 
54 25 24 1 -2 -16 5 2 -9 1 
56 33 24 -1 4 -11 -2 -3 -8 3 
57 30 24 5 -6 -10 2 -13 -9 2 
53 24 23 -7 -18 -6 8 -13 -10 -8 
62 20 18 -8 -17 -4 8 -11 -9 -10 
64 23 13 -5 -13 -12 9 -11 -12 -10 
53 20 20 -2 -17 -16 2 -13 -15 -11 
45 7 14 2 -12 -18 -9 -19 -20 -14 
51 -1 1 -3 -20 -21 -9 -12 -15 -14 
50 -3 3 -6 -21 -21 -10 -11 -14 -6 
48 -3 2 0 -23 -20 -11 -13 -16 -3 
41 -7 2 -1 -22 -19 -10 -14 -16 -7 
34 -9 5 -3 -19 -20 -12 -16 -10 -4 
32 -1 11 5 -21 -23 -17 -20 -10 0 
33 -1 5 10 -27 -24 -14 -19 -16 -6 
32 -6 3 8 -24 -17 -11 -17 -15 -2 
