15 37 30 35 -14 -11 -14 -22 -16 -11 
19 37 27 40 -15 -16 -8 -20 -17 -14 
25 31 26 31 -15 -25 -9 -18 -18 -14 
23 27 33 30 -14 -27 -11 -17 -19 -14 
17 29 37 38 -11 -27 -14 -17 -22 -15 
23 29 29 35 -7 -27 -14 -15 -22 -12 
26 30 28 28 -2 -19 -16 -17 -15 -12 
27 30 29 18 -3 -7 -8 -21 -15 -12 
29 27 24 15 -6 -9 3 -14 -18 -11 
30 26 23 14 -6 -10 5 -9 -12 -9 
26 30 32 19 -4 -8 0 -6 -3 -9 
17 27 42 32 0 -10 -1 -8 -6 -7 
22 27 28 22 -2 -5 8 -3 -3 -7 
64 32 -2 -3 -13 -16 10 4 5 -1 
62 31 -1 -6 -10 -18 10 3 4 -1 
41 33 12 -2 -9 -13 7 -3 1 -3 
61 44 10 -12 -16 -9 10 0 -1 -2 
68 45 11 -19 -13 -6 10 2 -2 0 
29 33 19 -2 -6 -5 0 -10 -6 3 
8 26 13 10 -1 -6 1 -3 -5 2 
2 14 16 9 0 -3 1 0 -9 1 
4 8 14 6 5 -4 4 -1 -9 2 
9 17 11 2 13 -1 -1 2 -6 -4 
10 16 15 0 8 -4 -3 -1 -3 -3 
7 16 13 -2 6 -1 -2 2 -4 -1 
12 17 15 4 8 1 -3 6 -3 1 
16 20 17 4 11 -2 -5 3 0 2 
15 19 12 4 9 -5 -6 -1 1 -2 
9 10 9 5 1 -7 -3 -1 -3 -1 
9 14 10 6 4 -4 4 1 -3 -1 
