99 29 -11 -11 12 -7 -15 12 -4 8 
92 18 -15 -3 18 -9 -9 9 -4 7 
81 13 -17 -1 18 -9 -15 10 -6 7 
74 18 -15 -8 29 -9 -18 14 -3 3 
65 20 -21 -4 25 -12 -13 19 -2 1 
68 19 -13 1 10 -12 -9 14 -3 3 
69 19 -17 4 5 -12 -10 11 -2 1 
70 22 -27 5 7 -14 -10 10 -3 -1 
75 22 -28 3 11 -20 -12 15 -8 -5 
85 14 -19 4 3 -16 -12 12 -8 0 
91 8 -12 9 1 -9 -5 8 -4 4 
82 7 -3 6 13 -12 -5 14 -6 6 
72 19 -3 11 15 -12 -10 17 -6 3 
79 23 -7 11 9 -13 -6 14 -6 -2 
82 16 -9 10 8 -14 -6 14 -5 0 
83 13 -8 10 3 -15 -7 13 -6 4 
83 13 -6 12 3 -17 -7 12 -9 3 
79 18 -10 12 4 -19 -5 12 -8 3 
76 18 -9 7 3 -24 -7 12 -9 4 
71 14 -8 9 8 -23 -10 13 -8 1 
67 9 -7 9 -5 -18 -5 11 -5 2 
68 11 -1 11 -9 -17 1 14 -7 5 
58 11 -4 12 9 -14 0 17 -12 2 
55 2 -11 8 4 -19 -6 16 -14 1 
47 4 -11 11 -2 -23 -5 17 -12 0 
59 4 -11 5 3 -23 -9 16 -9 -1 
63 6 -6 6 2 -24 -7 14 -9 1 
49 11 -1 10 4 -24 0 17 -15 -4 
47 -1 -9 7 11 -20 -5 18 -11 -3 
59 -4 -12 -2 0 -24 -10 15 -10 -2 
