97 -1 12 6 17 7 4 -9 -15 -4 
102 4 16 8 19 7 7 -6 -15 -5 
103 16 15 14 23 5 8 -1 -13 -7 
91 21 20 1 30 9 4 5 -14 -6 
95 24 22 2 34 9 2 4 -14 -10 
98 12 17 15 25 3 2 4 -15 -8 
102 19 9 6 10 2 -3 8 -11 -5 
104 22 1 -10 14 5 -3 9 -12 -1 
105 25 -1 -10 13 3 -6 9 -13 1 
109 22 -7 -6 11 -3 -9 5 -13 3 
102 18 -14 -2 9 -7 -8 1 -9 1 
88 11 -4 -5 6 -6 -8 2 -13 2 
85 8 -4 -6 8 -6 -9 5 -11 2 
79 9 -4 -4 9 -2 -9 5 -10 2 
87 17 -3 -3 3 -3 -9 5 -13 1 
93 13 -10 3 0 -10 -8 5 -12 2 
79 6 -13 3 2 -13 -10 3 -10 2 
71 0 -16 9 8 -5 -4 5 -7 1 
79 4 -8 8 11 -4 -2 2 -14 -6 
85 8 -4 1 7 -10 -4 3 -12 -1 
80 9 -6 4 4 -10 -2 1 -9 2 
68 14 0 4 16 -7 -2 3 -21 1 
71 16 -1 3 19 -2 2 3 -25 2 
80 4 -4 4 18 1 4 5 -16 -3 
80 4 -1 0 15 0 -2 3 -16 -2 
75 5 -2 2 12 1 -6 1 -18 1 
68 2 -7 1 11 2 -5 1 -17 -3 
70 6 -1 2 9 5 1 -4 -18 -5 
81 3 12 8 9 -1 3 1 -21 -4 
74 10 14 8 10 -4 5 1 -18 -5 
