16 18 5 3 6 -7 -7 -4 1 0 
13 10 7 4 8 -4 -4 -4 2 1 
7 12 3 6 4 1 -1 -1 1 1 
7 11 5 13 -4 -3 -1 4 0 -5 
14 21 21 22 -9 -6 -5 3 -1 -9 
66 56 15 8 -19 -26 -6 13 2 -3 
85 49 -13 2 -11 -19 -3 9 -8 -4 
86 37 -13 -5 -4 -15 -8 14 -7 -1 
79 24 -9 -6 6 -19 -9 12 -7 -4 
79 21 -10 -6 8 -18 -9 9 -6 -3 
87 19 -9 -1 6 -14 -6 9 -2 3 
77 20 -6 0 4 -12 -9 11 -2 -2 
55 23 1 -8 6 -14 -8 12 -11 0 
64 20 -1 -11 3 -11 -6 12 -10 1 
69 14 -7 -4 0 -10 -12 9 -8 -1 
57 12 -4 1 4 -11 -17 8 -7 -1 
45 14 -4 1 4 -9 -10 10 -3 0 
47 19 -1 -3 -7 -16 -4 7 -8 0 
55 18 -1 -3 -6 -14 -5 8 -8 -2 
55 9 -5 0 2 -9 -10 10 -5 -1 
57 11 -6 -6 4 -11 -6 13 -2 1 
60 16 -1 -10 6 -9 -6 8 -4 3 
59 12 5 -6 6 -8 -6 9 -4 6 
61 9 1 -5 3 -12 -5 12 -5 3 
49 9 -1 -2 4 -10 -11 9 -8 1 
40 14 -1 -5 3 -10 -10 8 -9 1 
48 16 -3 -6 3 -14 -5 11 -9 0 
53 6 1 3 6 -11 -4 12 -7 -1 
52 3 4 7 10 -10 -4 13 -7 0 
55 -1 1 6 3 -16 -2 15 -5 4 
