43 33 18 12 -2 -15 -14 -18 -16 -19 
35 30 11 5 2 -12 -13 -10 -13 -14 
34 28 8 2 3 -10 -11 -11 -12 -8 
34 32 10 8 1 -7 -10 -11 -10 -4 
34 34 17 7 1 -9 -14 -9 -14 -7 
72 36 12 0 5 -12 -11 1 2 0 
105 37 2 -17 5 -14 -9 5 0 3 
97 36 3 -17 3 -11 -16 6 -2 5 
91 25 2 -10 1 -18 -21 6 -4 4 
83 28 -6 -15 8 -18 -22 11 -6 2 
85 30 -3 -11 10 -14 -18 17 -7 0 
96 30 -2 -4 5 -11 -14 17 -10 -1 
94 33 -7 -3 2 -11 -11 12 -5 -3 
95 29 -12 -4 0 -8 -8 11 -3 -2 
86 28 -9 -3 5 -8 -7 10 -5 2 
73 31 -4 -3 6 -9 -10 10 -6 2 
72 27 1 -4 3 -9 -10 12 -5 0 
66 19 2 0 6 -9 -8 10 -3 -3 
57 20 -1 -2 4 -13 -9 10 -6 -2 
64 22 -2 -9 -1 -11 -7 11 -7 2 
64 11 -2 -4 0 -6 -7 11 -4 1 
57 11 -2 2 -1 -7 -9 7 -5 -3 
57 26 -6 -2 -1 -11 -7 9 -7 -1 
62 21 -10 -1 6 -9 -9 13 -3 1 
64 13 -6 -5 5 -9 -8 14 -1 -1 
59 15 -3 -10 2 -9 -6 10 -5 -1 
58 14 1 -7 5 -9 -8 9 -6 1 
61 17 2 -8 1 -13 -9 8 -9 -1 
63 16 -3 -11 -2 -13 -12 10 -10 -3 
59 16 -3 -8 3 -12 -13 10 -8 -1 
