37 25 24 12 5 -4 -5 -8 -8 -7 
35 32 18 9 7 0 -3 -11 -18 -10 
67 46 13 11 1 -7 -7 1 -9 -5 
98 36 -3 7 6 -11 -13 3 -4 2 
95 35 -1 -3 2 -14 -10 2 -8 1 
90 34 0 -12 -4 -12 -11 3 -12 -2 
84 36 -9 -9 1 -10 -17 7 -11 -1 
85 39 -17 -8 0 -13 -17 9 -8 -1 
97 34 -18 -3 -2 -12 -16 8 -3 -1 
89 26 -10 -8 11 -14 -17 13 -5 -3 
82 29 -8 -6 11 -14 -11 14 -9 -1 
92 44 -5 -8 4 -11 -11 14 -12 -2 
89 29 -6 -3 5 -6 -19 11 -10 0 
74 24 -7 -5 2 -5 -18 8 -7 -4 
77 29 0 -5 2 -6 -9 9 -4 -2 
77 16 0 0 3 -8 -8 6 -6 2 
68 9 -5 -1 0 -10 -9 2 -8 1 
64 19 0 4 -1 -4 -1 -1 -5 -4 
55 21 9 7 -2 -3 3 5 -4 -7 
51 18 13 11 -5 -7 9 8 -3 -5 
55 14 11 13 -9 -10 12 6 -7 -7 
56 9 9 8 -10 -9 8 5 -8 -8 
58 10 8 5 -14 -9 7 2 -11 -7 
62 14 15 7 -11 -7 13 0 -10 -5 
64 17 14 13 -4 0 15 -2 -10 -5 
71 14 6 19 -2 4 12 -1 -10 -3 
77 9 16 16 -3 4 11 -2 -15 -4 
77 9 16 20 -3 7 9 0 -17 -4 
69 9 3 20 5 8 10 0 -15 -4 
67 16 -1 13 6 6 5 -4 -11 -1 
