85 35 10 4 18 -7 -9 13 -10 3 
88 47 1 -1 16 -7 -16 10 -6 -1 
89 43 1 -1 13 -10 -12 12 -8 6 
92 48 6 -2 10 -9 -11 10 -7 6 
101 44 -1 1 4 -6 -11 8 -7 -3 
99 36 -7 5 9 -12 -5 13 -12 -1 
100 34 -2 1 7 -12 -3 15 -12 3 
105 36 3 2 7 -8 -8 11 -8 3 
85 40 7 1 19 -10 -12 8 -7 4 
86 40 -1 -8 12 -11 -8 12 -6 5 
100 43 -2 -4 12 -9 -14 10 -5 4 
89 35 5 -1 15 -7 -14 8 -8 4 
92 29 4 -8 9 -3 -8 12 -8 1 
99 30 10 -9 7 2 -12 13 -5 -1 
89 36 6 2 4 3 -10 10 -2 0 
91 35 1 4 0 0 -8 11 -6 1 
89 41 4 3 4 -3 -9 13 -9 2 
87 48 8 2 4 -8 -7 17 -9 4 
77 53 5 -3 6 -9 -11 19 -12 6 
74 62 3 -7 7 -9 -14 17 -11 4 
89 50 -1 1 7 -9 -14 15 -6 0 
93 42 -6 6 16 -5 -16 13 -2 -3 
89 42 1 -1 19 -10 -13 12 -3 3 
93 45 4 -5 5 -13 -12 17 -12 5 
92 35 13 -7 -2 0 -13 13 -10 4 
88 34 18 -6 4 2 -12 9 -7 3 
92 31 6 3 6 -5 -15 9 -5 3 
93 32 -3 3 0 -12 -13 10 -4 7 
81 56 7 -4 -1 -17 -7 11 -3 12 
69 70 18 -3 5 -17 -6 12 -4 11 
