91 38 -7 3 16 -6 -8 9 -13 8 
103 27 -11 9 13 -10 -8 3 -16 3 
94 39 -5 4 15 -5 -14 7 -18 1 
84 52 3 -3 14 0 -13 2 -19 1 
99 28 -3 3 8 -7 -10 9 -10 4 
100 37 -6 3 2 -4 -13 11 -8 3 
97 51 -5 -4 -2 -7 -13 13 -11 -1 
96 47 -3 -3 -3 -12 -12 9 -14 -2 
92 44 14 11 2 -4 -7 3 -22 -2 
96 30 8 6 2 -6 -12 10 -13 3 
87 25 -4 -7 -1 -12 -13 7 -10 2 
91 34 -3 -8 0 -13 -9 7 -8 2 
72 43 3 -13 2 -9 -14 15 -11 4 
68 39 11 1 5 -6 -10 13 -10 5 
79 38 8 9 4 -7 -3 7 -4 6 
96 51 1 -4 0 -3 -7 9 -9 3 
97 47 -2 -1 6 -3 -16 15 -10 5 
83 49 2 2 16 -8 -19 16 -10 6 
93 47 4 -8 5 -13 -15 15 -9 5 
89 43 -3 -9 2 -14 -17 14 -8 1 
82 51 9 0 6 -14 -14 13 -9 -1 
93 50 8 8 -3 -13 -14 9 -6 -3 
83 50 -3 -3 0 -15 -19 13 -12 0 
81 63 6 0 3 -8 -13 14 -11 6 
83 62 10 5 3 -10 -15 11 -7 2 
81 50 -4 -5 8 -17 -14 12 -7 -1 
82 52 0 -2 8 -15 -10 12 -5 5 
81 58 12 3 4 -9 -10 12 -4 4 
79 56 17 10 6 -2 -10 13 -7 -2 
84 51 11 12 9 -3 -8 8 -12 -1 
