98 61 16 1 -4 -7 -6 14 -14 6 
97 43 4 5 2 -7 -11 14 -7 1 
96 40 -3 2 -1 -7 -10 15 -6 2 
93 32 11 -8 6 -7 -5 10 -10 10 
83 43 4 -4 6 -4 -6 10 -11 5 
86 53 3 -3 4 -3 -7 16 -10 -1 
86 40 12 -2 6 -9 -9 14 -9 4 
87 35 7 -10 7 -5 -9 11 -10 1 
87 42 7 -8 7 -3 -9 11 -9 -2 
73 42 9 -3 10 -4 -8 7 -10 0 
75 38 2 -9 6 -8 -8 5 -11 0 
88 46 8 -14 2 -8 -10 5 -12 -3 
83 35 10 -13 9 -9 -16 6 -8 1 
78 31 6 -9 6 -7 -12 6 -8 1 
85 46 6 -1 2 -10 -7 12 -8 2 
84 38 8 0 13 -6 -9 10 -8 4 
93 32 11 -6 10 -5 -8 5 -10 2 
93 36 10 -5 9 -9 -10 6 -12 2 
81 36 13 -1 17 -7 -8 7 -9 4 
87 32 10 -4 12 -6 -6 7 -7 2 
84 33 7 -1 9 -6 -10 7 -7 -1 
71 41 6 -6 15 -7 -8 13 -9 -1 
80 33 7 -9 12 -4 -6 11 -8 0 
84 28 6 -5 7 -2 -9 10 -7 -2 
80 37 1 -9 6 -8 -8 16 -7 3 
91 34 2 -7 10 -7 -5 11 -13 4 
93 30 1 -2 10 -9 -6 6 -13 1 
95 38 3 -7 7 -10 -10 11 -6 2 
106 29 7 -6 5 -10 -11 14 -6 2 
104 27 5 -4 10 -7 -9 10 -6 1 
