91 66 6 4 -7 -14 -10 20 -9 -2 
93 63 -3 0 -3 -9 -14 19 -7 -2 
98 50 -4 -5 -6 -4 -14 11 -8 -6 
85 31 -1 -12 -6 -2 -19 6 -10 0 
85 40 -2 -13 -3 -1 -19 8 -9 3 
89 57 -5 -14 1 -7 -16 13 -9 1 
87 56 4 -13 2 -9 -8 16 -7 -2 
91 45 -1 -6 -2 -9 -11 12 -3 -2 
90 45 5 -8 -1 -2 -14 11 -5 -1 
90 49 8 -12 5 1 -13 10 -8 1 
92 49 3 -6 3 -4 -10 11 -9 1 
96 36 2 -2 -10 -5 -8 9 -7 2 
95 39 9 -2 -4 -6 -6 8 -8 3 
87 42 6 2 14 -5 -10 8 -8 3 
84 39 5 -2 14 -7 -12 10 -6 2 
83 46 7 -6 2 -10 -8 13 -8 -2 
93 31 5 -1 5 -7 -7 9 -7 3 
92 28 6 1 5 -5 -6 7 -5 3 
83 44 5 0 8 -7 -4 9 -5 5 
92 48 -4 0 12 -11 -11 12 -8 3 
98 40 -9 5 6 -8 -14 8 -6 2 
82 43 4 -8 12 -11 -10 11 -9 6 
88 54 6 -13 11 -9 -9 12 -11 3 
99 42 -4 0 10 -4 -14 8 -4 0 
83 34 -4 8 18 -2 -15 3 -4 3 
67 52 11 6 9 -7 -8 6 -3 4 
47 52 19 2 -2 -10 -4 4 -5 2 
47 43 25 9 4 1 0 -10 -15 -6 
44 38 20 9 4 -1 0 -12 -13 -9 
33 16 4 0 5 -3 -1 -6 -11 -11 
