117 35 35 1 7 -10 -5 5 0 -4 
127 44 29 -5 6 -3 3 5 -3 -5 
126 47 24 -2 4 -3 4 5 0 -6 
127 43 28 -4 4 -8 1 8 4 -3 
127 45 29 -6 4 -7 0 3 -8 -3 
117 49 30 1 6 -8 -3 -1 -14 -7 
109 53 38 4 11 -16 -4 -2 -12 -5 
108 47 39 4 13 -21 -3 -2 -13 -6 
116 46 30 4 7 -25 1 2 -10 -8 
121 34 18 8 13 -16 -4 0 -8 -12 
114 18 25 5 15 -17 -3 -1 -4 -8 
109 19 31 2 9 -18 -4 -5 0 -5 
106 20 30 0 6 -20 -6 -12 -2 -8 
108 26 31 4 9 -13 -3 -7 -1 -9 
106 35 34 0 9 -13 -5 -6 0 -7 
112 34 31 -11 3 -15 -7 -4 7 -6 
111 33 27 -10 0 -14 -8 -5 11 -7 
107 36 20 -7 6 -15 -4 -6 9 -9 
109 42 19 -11 3 -5 3 0 7 -7 
106 34 18 -10 8 -5 2 2 7 -2 
104 21 17 -7 19 -12 -2 -4 5 -4 
96 13 22 -3 25 -14 -4 -9 1 -5 
86 10 24 -8 14 -4 3 -5 -9 -5 
74 11 36 12 9 -2 3 -2 0 0 
57 3 32 13 4 -6 1 5 3 2 
57 2 31 10 -1 -6 -2 3 3 0 
57 3 34 10 2 -4 -2 -4 1 -1 
54 0 28 10 4 -2 -3 -6 -1 -1 
53 1 19 7 3 -7 -4 -2 -5 -4 
58 6 23 3 -1 -5 -1 1 -2 -4 
