62 21 20 5 23 4 0 -1 -18 -5 
67 27 19 2 28 5 5 -5 -22 -3 
67 25 18 6 25 3 9 -8 -16 -6 
71 23 18 11 22 3 3 -9 -12 -7 
71 27 24 4 27 5 -2 -1 -15 -11 
71 29 28 5 27 5 1 -3 -19 -10 
75 28 26 11 29 3 1 -9 -23 -6 
79 25 23 9 28 6 4 -11 -25 -6 
89 25 19 9 20 3 4 -7 -20 -7 
90 35 19 6 23 1 1 -6 -16 -8 
88 31 10 13 30 7 0 -15 -21 -4 
92 28 9 13 32 9 -5 -12 -22 -7 
95 23 18 11 22 6 -1 -11 -19 -6 
93 26 23 9 24 6 4 -7 -19 -6 
83 26 29 16 28 10 5 0 -19 -11 
80 24 29 24 26 6 -3 -4 -11 -8 
85 20 21 25 32 8 -4 -10 -11 -8 
88 17 21 22 35 6 -4 -11 -13 -5 
91 21 20 18 33 4 -6 -11 -11 -3 
97 17 13 16 29 8 5 -12 -16 -5 
95 12 10 9 19 1 9 -11 -20 -7 
89 15 8 3 18 -1 4 -12 -25 -9 
81 19 13 0 24 5 -4 -9 -23 -5 
77 15 21 5 18 0 -1 -3 -19 1 
81 22 26 15 19 -6 -1 -7 -19 -8 
78 29 33 21 21 -9 -8 -10 -15 -7 
84 30 27 16 22 0 -3 -13 -20 -9 
84 33 29 7 26 3 -4 -14 -26 -9 
82 31 31 10 22 2 -5 -12 -29 -9 
80 34 28 18 19 0 -3 -12 -26 -12 
