32 31 18 13 9 8 6 -2 0 -2 
33 34 17 12 4 6 6 -1 -3 -3 
34 33 24 12 4 10 5 5 3 -1 
32 29 21 14 12 10 4 5 4 3 
33 30 16 13 10 4 1 3 -1 0 
35 34 24 17 12 5 3 1 3 -1 
33 35 20 17 14 10 2 -1 3 1 
27 29 16 10 7 7 1 -4 0 -1 
23 24 19 12 8 2 -4 -5 -4 1 
24 25 17 11 11 6 -5 -1 -1 1 
28 25 11 10 6 6 -1 3 2 -4 
61 24 -4 -2 3 -1 -12 -10 -5 -3 
90 17 -18 -8 -1 -11 -20 -14 -3 -4 
101 17 -20 -3 4 -9 -16 -12 -1 -3 
95 18 -17 0 9 -5 -13 -13 -6 -6 
92 26 -4 4 11 -1 -10 -12 -7 0 
78 29 -1 1 6 -1 -6 -7 -1 8 
51 26 8 2 4 2 1 0 -3 5 
36 25 20 13 14 6 4 1 -1 1 
29 24 12 6 7 4 2 -1 5 3 
34 27 21 14 8 3 3 4 7 5 
46 29 16 10 6 3 4 1 2 -1 
45 28 9 0 0 5 -2 -3 -3 -6 
46 27 8 3 2 1 0 0 1 -4 
50 24 11 7 3 6 9 1 1 1 
46 9 16 10 0 13 7 -1 3 2 
37 -7 17 11 -4 12 5 -4 3 4 
27 -16 20 6 -10 14 3 -9 1 3 
32 -4 31 17 -4 22 9 -4 2 2 
29 -4 26 24 1 21 15 -2 1 1 
