113 15 13 17 3 6 1 -8 -3 -6 
108 12 12 15 -1 7 3 -7 -3 -5 
106 12 12 13 0 8 5 -5 -3 -8 
107 12 12 11 -4 10 11 -6 -3 -7 
110 10 9 15 -1 10 10 -5 -3 -5 
107 14 9 17 5 4 3 -2 -5 -7 
107 18 6 15 7 9 1 -3 -4 -5 
107 16 6 13 4 10 2 -5 -3 -3 
106 19 8 8 2 9 7 -7 -5 -2 
109 26 9 8 -1 6 6 -4 -5 -3 
104 29 14 9 -1 3 2 -1 0 -2 
98 34 21 15 7 10 4 0 3 1 
92 40 27 21 11 12 10 3 2 -1 
85 46 30 22 16 8 7 7 2 -4 
72 43 27 15 17 15 6 2 -1 -1 
61 37 18 12 15 12 2 1 7 4 
53 37 22 22 12 6 3 6 12 3 
56 35 18 23 16 10 6 3 9 3 
55 33 17 21 28 13 1 3 9 3 
57 34 20 22 21 8 0 3 8 2 
63 37 17 16 12 7 5 5 8 6 
60 30 14 12 12 8 4 6 5 5 
58 29 16 11 14 9 3 6 3 3 
59 27 20 2 11 12 3 8 9 0 
54 21 20 -2 5 18 0 5 10 -4 
49 18 20 0 4 19 -2 -2 6 -10 
53 18 20 -1 2 18 0 -4 6 -8 
59 27 28 3 10 19 3 8 12 4 
56 30 27 11 16 17 6 8 16 7 
52 29 25 21 17 18 11 5 10 3 
