39 22 16 14 4 8 7 4 8 2 
37 20 18 10 5 14 11 8 8 6 
49 29 26 21 16 16 10 10 9 7 
53 33 27 24 21 12 7 8 7 6 
44 32 18 13 17 7 3 1 6 2 
44 29 15 11 10 6 5 4 4 0 
42 27 13 13 6 4 3 4 -1 -5 
43 33 16 18 11 6 4 0 1 -1 
45 31 23 17 10 8 5 -1 0 4 
46 28 23 15 8 9 4 0 -2 3 
44 31 21 18 10 8 -1 -5 -2 -1 
47 38 23 21 16 15 2 -3 1 2 
47 35 17 13 12 12 7 6 6 7 
46 32 15 8 8 9 7 5 4 3 
50 35 20 23 19 15 10 8 7 3 
53 38 19 21 16 8 4 8 11 10 
49 37 18 15 9 6 5 10 8 7 
45 37 19 15 13 10 6 9 6 4 
73 32 1 -1 9 7 3 4 1 -2 
79 27 2 2 -1 3 1 0 -4 -4 
72 28 6 5 -3 3 0 0 -3 -4 
60 31 6 1 3 4 0 1 0 -1 
54 30 11 5 -3 0 3 3 2 1 
64 34 11 2 -2 -4 -1 0 -3 -2 
69 32 8 -2 1 0 -3 2 -1 0 
73 35 12 4 4 5 -2 2 0 0 
69 39 14 9 4 1 -3 -1 -2 1 
62 38 19 10 5 8 4 2 2 5 
62 44 24 10 9 9 5 1 3 6 
59 39 24 14 14 6 3 2 3 4 
