103 -7 -4 -1 -12 3 -9 -10 2 3 
103 -4 -7 -2 -11 2 -8 -10 3 2 
102 -3 -10 4 -16 1 -5 -10 2 3 
103 0 -4 7 -15 5 -3 -8 5 4 
102 2 -3 5 -10 4 0 -8 6 5 
102 -1 -9 4 -8 3 1 -11 1 6 
109 -1 -5 7 -5 6 -3 -8 1 1 
107 3 -1 10 -4 5 -4 -6 -2 0 
103 5 2 13 -8 5 -4 -8 -5 2 
109 3 5 12 -12 6 0 -4 -1 4 
110 6 9 8 -10 4 3 -4 1 4 
104 17 9 10 -10 -1 -1 -3 1 0 
96 18 8 9 -7 -3 4 3 -5 0 
79 40 20 15 4 2 4 3 -3 1 
64 51 32 21 5 9 1 -2 2 -2 
51 44 28 16 8 11 5 2 4 1 
52 37 21 14 8 7 1 3 6 6 
49 30 16 13 9 8 0 3 6 6 
44 27 13 10 6 2 1 0 4 7 
47 30 19 16 6 2 2 5 6 7 
46 33 20 17 8 2 0 3 4 5 
44 31 14 11 8 0 0 -1 0 -1 
49 35 21 15 11 4 5 5 4 2 
44 38 26 15 11 8 5 3 5 6 
45 33 22 11 8 7 4 3 4 4 
52 32 18 10 6 5 3 3 5 4 
52 36 21 12 4 5 0 1 3 4 
45 37 21 9 7 5 -3 0 -1 1 
36 31 12 3 4 -2 -5 -5 0 2 
40 32 15 9 9 -1 -1 -4 3 5 
