36 22 11 8 -4 3 1 -3 0 3 
35 30 14 7 1 4 1 -2 0 2 
28 23 12 12 9 9 1 -1 0 1 
30 23 8 10 10 9 8 4 1 1 
43 33 10 5 1 -4 1 -1 -1 3 
62 38 13 6 4 -1 -5 -3 0 1 
75 34 6 2 4 2 -6 -4 1 2 
80 30 -3 -4 0 -2 -8 -8 1 3 
86 26 -9 1 4 3 -12 -11 1 4 
88 21 -10 2 8 4 -14 -13 -2 2 
90 18 -14 -3 6 -2 -15 -10 -4 -1 
91 12 -16 -2 5 0 -14 -8 -2 0 
92 4 -18 0 4 -4 -13 -11 -1 -1 
95 4 -19 4 6 -4 -12 -10 1 2 
98 9 -18 4 4 0 -12 -8 2 5 
99 12 -19 2 2 1 -10 -8 2 3 
97 13 -15 3 2 4 -7 -8 3 2 
95 11 -11 5 6 2 -7 -8 5 3 
88 11 -9 7 11 2 -10 -5 4 3 
85 13 -11 9 10 2 -11 -5 2 1 
83 8 -12 7 5 5 -7 -6 4 4 
71 2 -11 5 8 7 -3 -4 8 7 
70 3 -13 6 10 2 -5 -7 1 4 
74 4 -8 17 9 7 7 3 4 10 
71 0 -3 14 7 14 6 5 7 11 
64 -4 -3 5 5 10 0 -2 -1 7 
57 -5 -6 12 7 6 5 -1 -4 3 
51 -2 -4 12 2 5 11 1 2 4 
42 -1 3 7 -6 6 17 7 3 2 
40 -4 8 8 -4 6 14 14 9 3 
