125 32 3 -5 6 -9 -6 1 -2 -1 
127 28 2 -10 14 -10 -4 2 -4 -2 
117 36 9 -10 10 -6 -2 2 1 0 
116 38 18 -3 0 -12 -9 1 5 -1 
114 36 18 -7 -3 -21 -5 3 6 -1 
108 33 17 -18 -4 -20 -6 0 3 -4 
101 31 11 -24 -2 -14 -7 -1 -2 -6 
101 26 5 -12 3 -17 -5 6 1 -3 
101 23 14 -5 3 -15 -6 0 3 0 
98 23 19 -6 5 -14 -3 -2 3 0 
103 29 19 -2 4 -19 -7 -2 0 -5 
106 30 14 -1 2 -16 -8 -2 -1 -5 
101 26 17 -1 -4 -12 -6 -3 6 -1 
100 20 16 -7 -3 -11 -3 -1 9 1 
96 19 16 -11 -2 -10 -3 -5 6 -3 
94 24 14 -10 -6 -9 -5 -8 0 -5 
99 21 9 -15 -5 -12 -3 -6 -2 -3 
100 13 11 -19 -7 -14 -4 -8 -1 -4 
96 13 10 -10 -8 -15 -6 -5 4 -2 
90 12 10 -12 -1 -11 -4 -2 4 -2 
89 10 14 -14 -5 -7 -2 -2 2 -5 
83 1 5 -18 -1 -8 2 -3 2 -5 
81 -15 -5 -27 8 -11 1 -3 -1 -2 
92 -13 -3 -27 9 -14 -7 -7 -5 -2 
94 -11 -4 -30 4 -25 -14 -3 3 1 
93 -17 -15 -28 4 -25 -3 16 6 4 
89 -19 -4 -21 -9 -23 5 18 6 10 
81 -25 0 -25 -17 -22 9 16 11 13 
87 -25 6 -22 -18 -17 8 15 14 10 
82 -7 28 -10 -13 -12 4 17 9 2 
