111 16 -10 6 8 4 -7 -10 2 3 
112 13 -13 5 8 5 -8 -7 2 3 
115 12 -11 7 8 3 -7 -4 4 3 
112 11 -12 6 6 -4 -6 -6 0 3 
106 10 -15 3 3 -3 -6 -11 -3 2 
103 5 -12 3 4 2 -5 -10 1 2 
104 1 -11 4 4 1 -3 -8 0 2 
103 1 -10 2 0 2 -4 -8 0 3 
105 3 -8 -2 -3 2 -6 -10 0 2 
106 5 -14 -1 -4 -2 -7 -10 -1 3 
103 6 -18 -1 -2 -3 -12 -11 1 4 
98 10 -16 -2 2 -1 -8 -10 6 7 
96 7 -13 -1 0 -1 -5 -7 6 9 
98 1 -12 -1 -3 0 -8 -7 3 9 
94 2 -13 -3 -3 -1 -9 -10 3 7 
85 2 -12 -6 -5 -3 -9 -13 -1 4 
83 7 -6 -3 -5 -3 -7 -14 -5 2 
86 18 -8 1 -3 -4 -8 -13 -4 6 
80 27 -6 0 -2 -3 -7 -13 -2 9 
65 38 12 9 3 1 4 -4 0 3 
53 42 20 17 11 2 6 -1 0 -2 
44 35 19 20 9 4 6 -2 -1 1 
44 35 27 22 8 6 7 5 3 5 
45 35 28 19 10 8 7 6 1 0 
47 30 21 18 9 10 5 2 -3 -2 
45 27 14 16 9 7 1 1 -1 -1 
47 32 16 11 8 7 0 0 2 2 
47 33 19 13 7 8 3 -3 -1 2 
41 30 18 11 9 8 2 -3 0 -1 
41 32 19 10 8 4 2 0 1 -1 
