118 5 6 17 0 -2 -4 -10 -6 1 
118 5 5 21 -4 -6 -2 -6 -4 2 
122 8 4 21 -4 -8 -1 -4 -3 0 
122 12 7 20 -5 -9 -1 -3 0 -1 
124 14 2 15 -8 -3 -1 -4 -1 2 
124 18 0 14 -6 1 -3 -6 -1 2 
119 18 5 13 -5 1 -2 -7 0 0 
121 17 7 11 -3 0 2 -6 -3 1 
114 22 10 12 -2 4 5 -9 -4 3 
108 22 13 14 -2 2 6 -7 -1 3 
108 22 18 13 -2 -2 2 -3 0 3 
104 23 17 11 -3 -4 0 -2 -2 5 
101 29 12 10 -4 -5 4 1 -5 2 
103 33 10 8 2 -5 0 3 0 3 
93 35 16 14 6 -2 1 0 2 4 
76 41 23 23 11 7 5 -3 -3 1 
64 41 22 26 17 8 3 2 -2 -3 
47 34 19 20 15 7 8 8 0 -5 
45 35 22 16 12 10 8 4 1 -2 
46 29 19 19 7 7 4 1 1 -1 
47 24 14 21 11 3 1 -1 2 3 
50 21 6 12 15 6 9 4 5 6 
56 24 4 9 14 6 7 3 2 -1 
60 21 1 10 13 8 -2 6 2 -5 
53 21 3 7 11 9 -2 5 3 -4 
47 31 16 11 14 11 2 2 2 -1 
52 28 16 15 14 7 1 0 3 4 
48 21 10 13 9 5 2 5 5 5 
44 27 14 14 13 7 1 8 8 6 
45 32 16 14 14 6 -3 4 6 6 
