71 49 21 1 -8 -8 -9 -4 1 2 
67 45 20 8 -9 -10 -9 -7 0 3 
72 45 16 0 -10 -8 -6 -2 1 3 
80 49 20 2 -9 -10 -6 -2 0 1 
81 50 19 5 -6 -11 -7 -3 -1 2 
80 49 18 1 -9 -11 -9 -4 0 2 
75 48 21 5 -6 -6 -12 -7 -1 -2 
68 50 28 12 5 1 -12 -9 -4 -5 
66 49 32 15 8 0 -8 -8 -5 -6 
66 49 31 17 9 -1 -7 -9 -4 -4 
67 47 30 19 2 -2 -7 -9 -1 -3 
68 47 26 18 2 -3 -6 -9 -4 -4 
70 51 25 16 3 -3 -6 -7 -7 -6 
73 52 27 20 3 -1 -10 -10 -5 -5 
73 54 28 15 4 -6 -13 -8 -2 -2 
75 53 26 9 -1 -9 -8 -4 -4 -3 
79 47 20 8 -2 -12 -7 -1 -3 -1 
80 48 21 4 -3 -14 -8 1 1 1 
78 59 24 1 -7 -12 -6 -2 3 4 
75 57 26 7 -7 -12 -4 0 3 1 
71 53 25 12 3 -8 -4 0 4 1 
63 49 29 16 6 -2 -6 -5 1 1 
52 42 29 15 9 6 -1 -7 -6 -5 
40 34 25 18 13 9 1 -7 -5 -7 
37 31 20 15 10 5 3 -5 3 -4 
40 30 16 7 6 6 1 -5 2 -3 
29 26 14 4 4 5 -2 -1 1 -3 
21 24 15 12 5 -2 -4 -2 -4 -5 
29 23 19 14 4 3 -5 -2 -2 -1 
30 23 18 8 5 3 -4 -2 -5 -1 
