94 15 -2 9 10 -9 -15 -1 5 -1 
91 14 1 13 10 -6 -14 1 6 -5 
81 6 -1 20 13 -4 -11 2 1 -9 
81 7 -3 21 11 -7 -11 -3 -2 -6 
88 8 -2 13 7 -5 -14 -1 5 -3 
89 5 -1 10 4 -5 -16 0 7 -3 
87 3 -2 15 5 -8 -13 -2 6 -1 
83 2 -4 13 10 -5 -9 2 3 -1 
70 -1 -1 10 11 0 -11 1 3 -4 
78 -12 -1 14 12 -6 -18 1 7 -8 
85 -12 -6 12 8 -7 -18 2 10 -8 
89 -4 -3 10 6 -4 -19 1 9 -8 
90 -6 0 10 7 0 -16 -1 2 -5 
88 -12 -3 17 7 -4 -13 -1 5 -4 
90 -14 -5 21 7 -7 -15 -1 6 -7 
89 -15 -3 17 8 -2 -18 0 5 -8 
88 -14 -2 12 10 2 -17 1 6 -10 
90 -12 -5 13 14 0 -18 2 7 -9 
94 -11 -9 16 14 -2 -16 -1 5 -5 
93 -9 -13 14 13 -1 -11 -3 3 -4 
90 -3 -11 11 14 1 -13 -3 6 -4 
84 -4 -7 10 11 0 -16 0 8 -5 
75 -13 -5 10 8 0 -13 5 9 -4 
72 -15 -5 14 5 -2 -15 5 8 -9 
74 -17 -7 16 3 -2 -12 1 8 -7 
76 -17 -7 16 10 -4 -9 -1 8 -1 
72 -16 -7 21 16 -7 -10 3 4 -9 
68 -16 -7 16 9 -8 -13 6 3 -10 
62 -16 -9 11 6 -11 -18 2 7 -4 
61 -15 -12 15 8 -8 -16 -1 7 -6 
