112 55 17 -4 4 1 -6 -4 1 3 
113 51 18 -2 7 4 -9 -5 1 3 
105 55 23 7 7 2 -11 -7 2 1 
100 59 22 11 10 3 -9 -9 -3 1 
90 54 21 16 16 6 -7 -5 -3 -2 
84 51 24 21 19 3 -7 -1 -1 -1 
85 49 20 21 19 6 -3 0 0 1 
85 50 21 16 17 13 -1 -5 -2 1 
82 49 21 16 19 9 -2 -7 -1 3 
81 52 23 17 14 5 -2 -6 -2 3 
78 51 27 14 12 5 -4 -5 -2 1 
75 49 27 15 16 3 0 -5 -1 0 
73 54 28 22 15 1 -2 -5 -2 1 
69 55 34 21 12 1 -4 -5 -5 -1 
66 49 35 16 13 2 -4 -5 -6 -2 
53 38 31 18 17 12 1 -3 -6 -4 
36 31 20 15 13 11 2 -2 -7 -4 
29 29 21 13 14 12 4 3 -4 -2 
35 29 23 15 11 12 4 1 -3 -1 
39 31 18 18 15 10 4 -2 -2 -1 
39 33 13 17 18 10 5 -2 1 -1 
37 33 19 18 15 8 5 -3 2 0 
37 33 21 20 15 3 0 -3 1 3 
33 32 19 18 11 7 0 -2 0 4 
35 29 16 11 8 13 3 -4 -2 2 
40 28 14 10 14 9 3 -5 0 -1 
36 31 14 13 14 4 3 -3 2 -5 
32 28 16 10 5 1 7 3 2 -3 
29 26 15 12 -1 -1 2 -1 -2 -5 
31 30 17 14 2 2 1 0 0 -5 
