124 12 -28 -19 8 -8 -13 -11 -13 -4 
127 3 -26 -17 1 -20 -11 -6 -14 -3 
127 4 -15 -15 7 -14 -4 1 -12 3 
127 0 -12 -12 10 -9 1 3 -8 4 
113 -12 -13 -12 12 -6 2 9 0 2 
117 -6 -17 -18 11 -8 -4 11 1 0 
125 2 -24 -18 9 -15 -9 11 -1 -1 
124 3 -28 -25 2 -21 -16 3 1 -4 
125 10 -20 -26 0 -28 -19 -3 0 -5 
124 11 -23 -26 5 -27 -21 0 -1 -7 
114 -4 -34 -30 11 -16 -12 4 -3 -6 
127 14 -22 -26 16 -7 -10 -3 -9 -3 
127 10 -19 -29 13 -2 -5 -5 -13 -1 
127 8 -14 -26 12 -3 -2 -3 -12 0 
127 18 -11 -20 8 -5 -4 -5 -11 0 
127 17 -10 -18 7 -2 -3 -5 -11 0 
120 11 -10 -18 4 0 4 1 -12 -1 
119 11 -15 -26 1 -6 3 7 -12 -4 
116 4 -23 -28 0 -11 3 9 -6 0 
114 -3 -28 -30 -8 -16 -1 5 -3 -2 
122 0 -24 -25 -12 -16 0 3 -2 -8 
127 -2 -31 -25 -12 -16 1 1 -9 -8 
120 -2 -35 -35 -7 -23 -1 -1 -16 -10 
118 1 -29 -35 -3 -20 3 0 -17 -10 
110 -2 -30 -29 -4 -18 1 5 -21 -7 
103 -12 -32 -31 0 -13 -6 -7 -24 -4 
106 -15 -37 -41 -4 -13 -11 -12 -18 1 
94 -7 -31 -51 0 -8 -7 -4 -19 5 
94 -3 -26 -46 3 -8 -9 -4 -22 1 
103 -3 -24 -37 8 -9 -20 -12 -16 1 
