55 10 32 10 11 -1 -3 2 -4 -4 
56 10 26 9 7 -3 -3 5 -1 -5 
61 13 26 10 7 -4 -3 3 -5 -5 
55 14 28 6 7 -5 -5 -2 -7 -6 
56 8 21 -1 5 -7 -11 -5 -7 -3 
58 5 20 3 7 -9 -6 -4 -6 -2 
52 8 23 4 6 -5 -7 0 -3 -1 
48 13 22 3 3 -4 -10 3 -3 0 
52 17 32 12 1 -3 -3 -1 -6 -2 
82 42 54 15 -1 -10 -14 -7 -14 -2 
105 60 45 21 9 -10 -14 -8 -14 -4 
103 57 35 20 12 -7 -16 -9 -13 0 
103 56 32 21 10 -5 -16 -11 -11 2 
103 60 29 20 -1 6 -10 -14 -9 2 
104 61 23 16 -4 8 -2 -11 -13 -3 
105 57 24 13 -3 5 -3 -8 -11 -5 
106 56 29 18 -6 3 -5 -6 -10 -4 
102 56 23 24 3 1 -10 -8 -11 1 
97 48 26 18 6 -2 -10 -8 -12 3 
100 46 30 14 -4 -6 -8 -6 -12 6 
102 48 25 14 -14 0 -3 -2 -12 6 
104 46 22 14 -8 3 -7 -7 -12 5 
103 42 24 13 0 0 -9 -9 -12 3 
98 44 18 12 0 1 -2 -5 -14 -1 
95 53 12 11 4 3 -3 -4 -17 2 
95 55 10 14 2 1 -11 -5 -13 8 
93 54 12 12 -1 0 -13 -3 -14 4 
94 55 17 2 4 0 -10 -2 -17 2 
100 54 21 1 8 1 -10 -1 -15 2 
107 47 16 13 4 -3 -7 -1 -9 1 
