102 52 14 6 6 -12 -20 -15 -5 0 
103 56 15 8 2 -9 -13 -8 2 1 
104 55 13 9 0 -7 -13 -7 4 3 
103 52 17 5 2 -7 -14 -8 -1 2 
104 56 23 8 5 -3 -11 -6 0 3 
98 64 26 17 7 -2 -9 -10 1 5 
98 64 22 13 4 -1 -8 -10 0 3 
99 60 23 12 4 1 -7 -10 0 1 
96 62 26 10 8 2 -9 -12 -1 4 
90 61 31 15 9 0 -11 -7 -1 -1 
88 60 31 20 8 0 -9 -5 -2 -4 
86 65 31 18 8 1 -8 -7 -2 -1 
86 65 33 17 7 -2 -11 -8 -2 2 
87 58 32 19 8 -4 -14 -6 0 1 
86 53 32 21 8 -2 -11 -7 -1 1 
77 44 22 13 4 0 1 -3 -4 -2 
66 37 16 9 1 1 3 1 -2 -1 
36 30 19 17 5 1 0 -4 -4 -4 
29 23 18 16 10 3 2 -6 -3 -4 
34 32 21 21 16 6 -1 -5 -3 -1 
37 38 14 13 14 9 -1 -2 -2 -3 
36 40 20 19 16 10 3 2 0 -2 
33 32 26 22 18 11 5 1 -2 -2 
32 27 22 14 11 8 5 2 -4 -5 
37 35 23 12 12 9 6 3 -3 -4 
41 36 22 13 12 7 1 -1 -1 -2 
35 33 24 18 12 3 -4 -2 1 -3 
35 32 21 20 19 6 -1 -2 -2 -4 
38 32 22 21 12 5 0 -2 -1 -3 
31 29 23 19 6 2 -6 -2 -1 -4 
