34 24 16 16 7 -1 -4 -3 -4 -3 
34 26 19 12 10 2 -5 -8 -6 -3 
41 28 19 8 10 3 -4 -7 -1 -2 
41 28 22 13 10 2 -2 -7 1 -1 
36 32 32 23 9 0 -1 -4 -3 0 
38 29 25 18 9 5 1 -4 -6 -1 
32 23 15 12 9 1 -3 -8 -4 -5 
36 29 20 17 9 1 -2 -5 -1 -4 
41 32 21 13 5 4 0 1 -3 -3 
40 33 20 9 4 3 -2 0 -4 -1 
58 28 7 2 -1 -4 -16 -17 -10 -5 
70 24 0 0 -1 -3 -17 -17 -8 -8 
75 25 -6 -6 -1 -9 -15 -12 -5 -7 
82 26 -6 -10 -5 -8 -11 -12 -7 -4 
92 25 -7 -5 -1 -4 -11 -10 -5 -1 
100 17 -13 -6 -2 -10 -15 -7 -2 1 
105 10 -17 -8 -6 -13 -14 -8 -1 0 
108 12 -16 0 -2 -13 -11 -6 0 1 
105 7 -13 6 -3 -10 -14 -7 -1 0 
104 3 -9 7 -2 -10 -16 -10 -1 -1 
108 1 -9 6 -6 -11 -13 -8 -2 -1 
111 4 -11 8 -10 -9 -11 -6 -1 -3 
111 6 -12 8 -1 -9 -13 -5 0 -3 
111 7 -15 4 3 -9 -12 -4 0 -6 
110 5 -9 1 -3 -8 -8 -4 0 -6 
103 4 -7 0 -4 -10 -10 -6 -2 -5 
102 2 -8 4 -2 -10 -10 -5 0 -2 
110 0 -7 11 1 -5 -8 -3 -1 -3 
113 3 -9 7 0 -5 -11 -6 -3 -3 
105 -2 -13 3 -4 -12 -15 -7 -1 -2 
