111 6 -12 8 -1 -9 -13 -5 0 -3 
111 7 -15 4 3 -9 -12 -4 0 -6 
110 5 -9 1 -3 -8 -8 -4 0 -6 
103 4 -7 0 -4 -10 -10 -6 -2 -5 
102 2 -8 4 -2 -10 -10 -5 0 -2 
110 0 -7 11 1 -5 -8 -3 -1 -3 
113 3 -9 7 0 -5 -11 -6 -3 -3 
105 -2 -13 3 -4 -12 -15 -7 -1 -2 
101 -5 -16 2 -4 -9 -13 -2 1 -3 
99 -1 -14 -4 -5 -7 -15 -2 1 -7 
97 2 -13 -4 0 -8 -19 -4 0 -9 
98 3 -15 1 2 -9 -24 -8 0 -8 
97 6 -16 2 1 -12 -20 -10 1 -3 
96 12 -15 0 3 -14 -17 -7 1 1 
96 17 -15 2 7 -14 -17 -5 1 2 
93 22 -12 0 2 -13 -16 -10 2 0 
75 30 -2 -6 -10 -13 -17 -13 -5 -1 
51 35 15 3 -5 -7 -8 -3 -2 0 
43 30 20 17 11 3 1 5 -1 -3 
44 31 20 15 7 3 0 3 3 -2 
37 30 24 12 4 3 0 -4 4 2 
34 26 23 17 8 6 2 -2 -1 1 
32 29 21 15 12 8 1 -4 -2 -2 
33 31 22 15 12 8 2 0 2 1 
35 25 19 20 12 8 3 2 -1 2 
36 30 23 17 13 9 0 -1 1 0 
35 34 24 12 9 10 1 3 2 3 
36 31 20 10 7 10 3 2 0 7 
37 33 23 14 11 10 3 1 0 5 
39 30 16 10 8 5 1 4 5 4 
