37 23 14 5 4 7 1 -3 1 -2 
33 24 14 4 5 4 0 -5 -1 -2 
32 26 13 7 8 4 1 -1 2 0 
37 28 15 6 7 4 -3 0 5 -1 
41 31 16 10 6 6 -3 0 4 -1 
40 26 14 15 6 11 1 3 3 -2 
31 21 15 10 11 8 6 4 3 -2 
36 30 17 11 12 7 2 0 2 2 
39 32 17 15 15 6 -1 -1 -2 -1 
44 30 17 15 12 3 3 2 0 1 
44 22 21 18 7 8 7 4 5 3 
39 24 31 14 4 7 4 1 3 0 
60 32 22 13 3 -4 -9 -7 4 2 
89 38 8 15 7 -4 -9 -5 6 4 
96 39 5 6 4 -1 -10 -5 4 4 
93 35 0 0 -1 -3 -11 -7 6 5 
92 32 -3 -5 -7 -6 -15 -9 5 7 
91 32 -4 -6 -9 -5 -8 -3 4 8 
99 33 -8 -2 -2 -2 -5 -4 4 6 
102 29 -15 -2 3 -3 -10 -5 6 6 
103 20 -17 0 5 -2 -7 -3 5 6 
99 13 -15 1 8 1 -5 -3 5 7 
99 11 -16 1 8 -2 -9 -2 7 8 
99 11 -20 3 5 -5 -8 -3 6 6 
101 11 -19 2 2 -4 -4 -4 4 5 
107 9 -18 -1 -3 -6 -6 -7 2 4 
101 7 -16 0 -1 -6 -11 -6 0 2 
97 7 -17 1 1 -5 -12 -8 0 1 
102 6 -17 2 -2 -2 -11 -9 4 0 
102 1 -15 1 2 -2 -10 -3 4 4 
