57 -5 8 11 -5 14 17 4 1 1 
54 -2 10 17 1 16 15 4 -2 -1 
56 1 14 21 9 15 17 5 -9 -2 
53 4 15 23 8 10 23 3 -19 -5 
39 1 19 23 -3 13 21 -7 -19 6 
36 4 25 24 0 15 18 -7 -10 9 
42 23 28 17 5 11 9 -6 3 9 
48 35 20 14 9 9 4 -2 3 3 
46 36 21 15 9 8 0 -2 0 -3 
49 40 28 18 9 7 -1 -4 0 -3 
53 45 36 25 17 11 7 2 2 5 
45 39 33 28 21 15 13 9 6 8 
49 37 31 24 18 15 6 3 5 2 
54 37 26 17 7 9 9 7 6 -1 
53 37 23 19 8 11 13 16 12 1 
52 39 28 17 11 8 6 12 12 2 
47 31 18 15 9 1 -1 -2 5 2 
44 32 19 18 14 5 3 2 6 3 
52 42 29 17 19 10 5 7 3 1 
53 45 29 16 19 7 5 6 3 2 
41 39 23 18 14 3 1 3 2 1 
44 36 21 17 10 8 1 3 2 -1 
51 38 22 18 12 13 10 5 4 0 
51 40 22 18 13 12 13 5 2 1 
50 33 21 16 15 13 8 4 4 3 
50 30 21 14 15 13 8 7 8 4 
48 41 26 13 13 2 8 4 3 -1 
44 44 27 15 11 6 7 2 1 -1 
43 41 28 16 10 7 4 3 4 2 
41 34 17 11 9 0 4 0 1 0 
