22 21 16 9 9 3 -1 2 2 -4 
28 22 17 12 7 6 3 4 2 -7 
45 35 19 12 1 -2 -3 -2 0 -6 
50 40 25 11 2 -5 -8 -2 -1 -3 
53 41 26 13 0 -6 -8 -1 1 1 
60 46 20 7 -5 -7 -5 -4 5 3 
65 49 17 3 -6 -6 -2 -6 6 6 
74 49 17 5 -7 -11 -7 -1 6 5 
83 50 10 -2 -13 -12 -10 6 10 3 
87 50 11 -4 -14 -15 -11 7 8 0 
85 49 17 -6 -11 -16 -8 4 7 2 
84 54 19 -5 -13 -15 -6 2 8 5 
84 53 22 -2 -14 -12 -10 2 11 4 
87 52 19 -5 -14 -9 -11 2 12 2 
88 56 16 -6 -17 -11 -7 2 11 2 
87 54 16 -5 -14 -11 -6 3 10 2 
92 55 15 -4 -15 -14 -4 3 11 3 
95 53 16 -2 -14 -14 -2 8 13 4 
94 53 12 -3 -15 -16 -5 11 12 0 
92 52 3 -9 -16 -15 -7 6 10 -3 
91 47 4 -13 -18 -19 -9 9 12 0 
93 49 7 -11 -17 -22 -10 7 9 2 
92 50 7 -13 -19 -18 -4 1 7 -1 
94 46 8 -12 -23 -17 -4 3 11 4 
92 46 8 -13 -18 -18 -9 0 10 7 
88 49 8 -14 -16 -22 -12 0 8 3 
93 48 9 -7 -17 -19 -11 5 5 1 
88 46 13 -6 -15 -14 -12 6 5 -1 
70 43 15 -4 -12 -13 -7 4 8 0 
68 43 14 -3 -12 -8 1 4 10 1 
