120 49 20 12 2 5 -4 -10 -14 -2 
114 51 19 23 -3 3 -3 -5 -11 1 
111 51 17 21 -2 6 2 -2 -13 1 
114 50 15 14 1 4 6 -2 -16 4 
110 52 13 12 1 2 2 -3 -14 7 
103 56 14 21 -2 -3 -2 -3 -13 6 
92 56 11 29 -1 -2 -7 3 -13 4 
89 49 11 25 -3 4 -7 1 -11 2 
97 47 16 17 -4 4 -9 -9 -12 3 
97 46 16 15 -2 -1 -9 -10 -12 6 
94 44 16 13 0 -1 -8 -8 -8 6 
101 42 11 18 4 1 -7 -5 -9 2 
95 44 18 13 5 1 -8 -4 -15 5 
85 50 17 16 3 -1 -9 0 -14 6 
85 49 15 18 5 -5 -10 4 -15 -2 
86 49 19 13 0 -7 -13 1 -12 2 
85 53 20 8 -4 -3 -13 -4 -8 8 
93 58 20 1 -11 2 -7 -5 -12 2 
101 51 15 7 -10 1 -3 -2 -10 -2 
99 51 19 8 -10 0 -3 -2 -9 -1 
100 55 23 6 -15 4 -2 -3 -12 2 
96 45 13 13 -10 2 -1 -2 -13 -3 
96 46 10 20 -11 -5 -5 -5 -12 0 
104 45 17 27 -5 0 -2 -6 -13 3 
110 44 25 26 0 1 0 -6 -11 3 
116 49 28 31 9 -1 -14 -3 -13 4 
116 48 31 36 10 -1 -21 -11 -7 -1 
104 36 40 22 8 -8 -18 -5 -3 -4 
70 11 32 16 5 -2 -10 -4 0 -8 
61 7 33 12 1 -2 -5 -3 2 -1 
