24 21 15 8 7 11 1 4 5 4 
25 18 12 11 10 6 1 2 3 0 
26 19 11 15 8 4 4 0 5 2 
22 17 10 8 5 3 5 3 5 7 
17 17 7 7 6 0 3 2 2 3 
15 18 7 11 5 3 3 2 5 4 
13 19 9 9 2 -1 1 5 11 4 
18 23 14 7 -1 -2 4 4 10 0 
24 23 18 10 6 6 6 4 8 6 
23 23 19 10 12 6 4 6 8 9 
21 27 21 9 11 7 5 8 8 7 
19 27 21 16 10 9 8 8 6 5 
31 31 20 19 8 3 3 1 -3 0 
66 44 18 4 -3 -14 -13 -5 -4 -3 
79 47 18 -7 -13 -17 -11 2 7 4 
81 45 15 -9 -20 -20 -10 7 11 5 
83 44 9 -5 -18 -19 -14 1 11 2 
88 43 9 -4 -16 -16 -13 0 8 2 
100 46 9 -5 -17 -16 -11 3 10 2 
103 52 9 -9 -15 -18 -12 5 12 4 
98 49 9 -10 -15 -19 -12 5 12 7 
97 47 8 -8 -16 -20 -11 3 13 6 
102 51 7 -6 -17 -21 -13 5 12 2 
102 52 7 -7 -17 -23 -10 7 13 2 
103 42 3 -4 -13 -20 -6 8 13 1 
106 34 -1 -1 -9 -17 -7 8 4 -4 
106 31 1 3 -11 -18 -6 4 0 -2 
103 29 7 1 -15 -19 -11 6 4 1 
101 32 5 -5 -16 -23 -10 10 7 2 
104 38 -1 -12 -18 -23 -9 3 6 3 
