80 42 11 -7 -15 -11 -8 1 4 3 
76 45 14 0 -10 -7 -3 2 7 3 
65 48 22 6 -1 -8 -6 1 5 4 
37 37 23 14 14 8 6 3 1 -2 
35 33 19 15 14 8 7 3 3 0 
23 25 18 13 8 2 7 4 6 4 
23 24 17 13 6 9 10 5 7 4 
25 23 15 14 9 15 12 7 4 3 
25 19 12 12 14 10 7 6 4 6 
27 23 15 13 12 10 6 4 2 6 
21 27 19 14 16 11 7 4 0 3 
18 20 15 10 14 7 6 5 3 3 
23 26 20 13 7 6 6 5 2 5 
22 30 20 16 13 8 5 5 1 5 
63 50 30 22 12 3 0 1 -1 -2 
64 51 32 21 9 2 3 0 -1 -2 
38 39 28 11 8 7 4 0 -3 -3 
32 32 24 14 15 11 3 9 5 3 
26 31 23 21 17 12 2 5 6 4 
24 23 12 6 4 9 2 -1 0 -1 
25 25 14 1 3 7 2 -1 -3 0 
25 27 17 8 9 7 -1 -1 -3 3 
29 26 18 19 13 8 3 4 0 6 
28 27 21 20 13 8 4 5 1 4 
27 25 18 14 8 7 0 1 2 3 
24 24 16 14 8 4 -6 -8 -2 1 
18 22 14 14 8 6 -3 -14 -4 3 
20 18 11 14 10 8 5 -6 -3 2 
27 22 14 11 10 9 6 -1 1 0 
28 25 14 9 9 9 7 -1 1 -1 
