27 28 17 15 6 4 2 -2 -4 -4 
35 30 16 17 11 7 6 -2 -2 0 
39 33 16 11 4 2 5 -2 2 3 
38 37 20 6 2 0 2 -2 -2 -2 
34 32 18 11 9 5 2 -6 -4 -6 
52 29 12 11 6 5 -4 -10 -4 -3 
64 33 12 12 7 9 -3 -11 -5 -1 
64 35 19 16 10 9 -2 -11 -8 -1 
64 36 23 16 9 8 -3 -8 -5 -1 
69 39 17 10 9 8 -3 -9 -4 1 
70 39 11 12 11 6 -4 -6 -5 1 
74 42 8 9 9 7 -2 -7 -5 -1 
77 42 11 6 8 10 0 -9 -7 1 
78 43 14 6 5 4 -2 -9 -2 4 
81 45 12 2 6 1 -5 -10 -2 4 
84 45 15 2 2 1 -4 -9 -4 3 
86 51 20 1 -5 0 -6 -5 -1 2 
88 54 22 1 -2 1 -7 -6 -3 1 
93 52 19 5 3 3 -5 -6 -2 2 
95 50 12 5 2 1 -5 -3 3 4 
95 47 11 0 3 -1 -6 -4 1 2 
94 46 7 0 6 -1 -8 -5 -1 3 
95 47 8 5 8 3 -8 -8 4 5 
96 49 15 8 5 3 -7 -9 2 4 
90 58 28 9 -4 -1 -6 -7 0 0 
81 62 32 10 2 1 -6 -6 0 1 
72 58 30 15 10 2 -4 -7 -2 -2 
60 51 30 19 11 2 -4 -4 -1 0 
41 38 26 22 18 12 3 1 -3 0 
28 25 14 11 8 7 0 -1 -3 -3 
