21 15 5 10 4 3 2 0 0 1 
18 19 12 10 5 -1 -2 -2 3 0 
25 22 14 7 11 6 -1 -2 2 2 
29 24 17 11 11 8 0 -3 -2 -1 
25 24 18 10 7 6 2 4 -1 -1 
20 21 14 7 2 1 3 8 -1 3 
21 21 10 5 3 2 2 1 -2 1 
24 16 8 8 2 1 3 -5 -2 1 
28 20 11 10 -1 -2 2 -7 -2 2 
28 25 9 12 5 2 2 -2 0 -3 
28 23 8 13 6 -2 0 3 0 -2 
25 18 11 11 7 -3 -2 2 -1 0 
25 19 15 12 8 4 0 1 0 0 
33 30 21 8 6 4 1 2 4 0 
35 31 23 8 7 4 3 4 6 4 
31 25 21 12 8 6 4 3 3 2 
33 25 17 8 8 7 4 3 3 2 
29 26 16 8 8 7 4 6 6 4 
25 30 19 10 11 4 2 1 3 6 
27 24 16 15 11 3 9 8 2 6 
30 23 12 16 9 3 9 6 1 4 
26 27 16 8 9 8 4 1 -2 1 
21 21 17 12 8 8 2 3 1 3 
27 17 13 16 6 6 0 2 -1 5 
28 11 11 10 -8 7 5 -1 1 -4 
0 0 0 0 0 0 0 0 0 0 
0 0 0 0 0 0 0 0 0 0 
0 0 0 0 0 0 0 0 0 0 
0 0 0 0 0 0 0 0 0 0 
0 0 0 0 0 0 0 0 0 0 
