31 25 13 9 0 -2 4 -2 -4 -4 
28 27 16 13 -1 -3 2 -3 1 -1 
27 27 16 14 2 0 1 -5 -1 -4 
28 28 14 13 5 1 2 -2 -5 -6 
33 36 15 14 12 3 3 -2 -2 -4 
35 37 20 16 19 8 1 -5 -2 -3 
33 34 23 13 13 7 2 -1 -1 -1 
33 33 22 15 10 4 1 0 -3 -3 
34 33 22 10 10 4 -1 -2 -2 -1 
29 30 21 5 5 0 -2 -5 -5 -1 
27 27 19 14 10 2 -1 -4 -6 -5 
30 32 20 13 12 3 1 0 0 -2 
32 36 25 15 11 2 2 3 0 -1 
34 31 19 17 12 2 -2 6 -2 -4 
39 36 20 20 16 4 3 9 1 -1 
41 37 24 19 12 5 4 2 4 2 
42 23 18 11 3 0 2 -3 3 1 
40 24 18 11 5 2 2 0 2 2 
36 31 20 14 13 8 2 3 -2 -3 
36 32 20 10 10 3 3 3 -5 -3 
38 31 21 11 12 4 0 1 -2 -2 
39 30 20 17 9 7 2 -4 -2 -3 
32 30 22 16 4 3 5 -4 -3 -5 
30 30 23 14 9 6 5 0 -2 -3 
32 29 20 14 9 11 4 -1 -1 -3 
33 31 18 11 7 6 -2 -4 -1 -3 
31 32 19 13 7 1 -3 -5 -2 -2 
30 25 15 11 5 -1 1 -2 -4 -8 
37 26 11 7 5 0 -4 -2 -4 -6 
41 30 15 10 6 8 -3 -4 -3 -1 
