111 54 13 14 1 10 -3 -11 -17 -1 
116 51 16 14 -3 10 -3 -15 -14 1 
106 59 16 18 -6 9 -5 -11 -12 1 
99 60 15 20 1 7 -7 -8 -9 2 
102 58 13 20 6 8 -5 -7 -9 3 
105 58 10 19 5 5 -2 -2 -12 2 
102 58 7 22 0 2 -2 1 -12 -4 
94 59 8 21 -3 -1 0 2 -12 -8 
99 56 9 17 3 1 -3 -4 -12 0 
101 56 12 15 3 -2 -6 -2 -11 5 
98 62 14 11 0 0 -6 4 -11 6 
101 61 12 11 2 8 -8 -2 -12 4 
104 54 11 14 4 8 -7 -5 -10 6 
104 51 12 12 4 0 -5 -3 -9 7 
100 54 21 12 5 -4 -10 -5 -10 4 
95 47 19 17 5 -4 -10 -4 -14 -2 
91 40 15 15 2 -2 -8 -4 -10 -1 
87 41 11 11 -3 2 -11 -5 -7 4 
87 45 8 11 -8 4 -10 -2 -15 1 
94 46 8 10 -8 3 -11 3 -12 3 
96 47 13 11 -5 -1 -10 4 -8 4 
93 52 15 10 -5 2 -1 0 -11 0 
92 51 14 7 -1 4 -5 -7 -16 -1 
94 53 18 4 -2 3 -7 -5 -19 2 
97 56 21 11 -1 2 -7 1 -16 -2 
101 52 18 18 0 4 -5 0 -14 -6 
99 48 22 18 8 8 -6 -5 -13 -2 
104 43 30 20 6 4 -7 -13 -13 3 
108 37 30 14 7 2 -12 -8 -15 2 
86 27 40 10 14 -5 -17 -6 -6 4 
