100 60 23 5 -5 -10 -3 4 4 2 
98 59 24 10 0 -8 -5 0 4 1 
99 62 27 11 0 -8 -4 -2 4 2 
102 61 29 13 -3 -11 -3 5 5 1 
103 64 29 13 -2 -11 -4 6 7 0 
101 66 31 13 2 -6 -5 -1 6 3 
102 63 35 11 0 -6 -3 2 6 4 
99 63 33 9 0 -3 -1 3 5 5 
97 62 33 11 0 -2 -1 1 5 4 
98 67 34 12 1 -3 0 2 5 4 
96 64 29 14 4 -2 3 6 8 3 
96 61 32 15 2 0 3 7 8 2 
94 66 37 14 2 1 2 4 5 5 
72 37 23 16 8 5 1 0 0 -2 
66 32 19 14 7 5 1 -1 0 -2 
69 58 33 23 16 7 4 0 1 -4 
62 48 30 24 21 11 7 -3 1 -6 
48 36 22 21 16 6 4 -2 0 -3 
40 36 23 17 7 -1 -3 -5 -4 -5 
40 37 22 14 8 0 -1 -4 -4 -7 
42 35 22 17 9 1 1 0 -4 -5 
48 36 27 23 13 9 3 5 6 0 
52 39 29 22 12 5 1 5 4 0 
49 38 23 16 10 2 0 2 -1 -1 
48 39 22 10 8 5 0 -2 0 -2 
45 36 24 14 5 4 -2 -3 -1 -3 
37 30 25 22 11 4 -4 -7 -4 2 
37 36 25 17 11 6 -1 -8 -2 3 
39 38 26 13 6 4 0 -5 -4 -1 
41 35 22 9 7 -3 0 -8 -7 -4 
