92 49 10 0 -8 -5 -3 4 12 4 
96 54 14 2 -5 -2 -1 9 13 9 
95 55 20 -3 -4 -3 -1 16 16 8 
98 54 17 -3 -3 -6 -3 15 14 4 
99 53 13 -4 -7 -9 0 12 10 3 
93 48 9 -7 -9 -9 0 7 8 2 
92 44 7 -4 -11 -11 -3 3 3 -4 
93 45 8 -6 -13 -12 -6 2 0 -5 
98 49 9 -6 -10 -9 -8 2 3 -1 
100 52 11 -7 -10 -13 -6 3 5 -1 
100 59 10 -8 -12 -15 -3 5 5 -2 
98 56 7 -8 -12 -8 -4 6 6 -4 
97 49 8 -12 -19 -12 -4 6 3 -4 
94 48 7 -15 -22 -14 -4 8 4 -5 
94 54 4 -19 -14 -10 -3 10 6 -5 
93 51 4 -11 -12 -11 -5 8 7 -3 
90 49 7 -10 -13 -11 -5 7 8 -3 
90 54 13 -17 -15 -12 -3 8 7 -4 
88 48 9 -16 -13 -13 -2 4 3 -3 
86 47 4 -14 -11 -8 1 3 3 -2 
81 49 9 -10 -12 -5 0 3 3 -2 
62 45 17 -1 -8 -5 -4 -2 1 1 
49 42 18 5 5 2 -2 -4 -3 -3 
52 41 23 13 8 4 4 2 -1 -5 
51 37 21 14 8 7 2 5 1 -2 
49 35 17 15 6 1 -3 2 -4 -4 
41 31 20 20 8 -2 -6 -4 -7 -6 
60 46 28 22 19 7 5 5 5 4 
64 33 19 19 11 9 7 3 4 4 
61 30 17 17 8 9 6 2 2 2 
