52 38 28 19 10 6 -4 1 1 -3 
51 36 23 17 7 6 2 -2 2 -2 
52 38 30 22 16 15 11 4 3 3 
61 47 32 25 16 5 2 2 3 6 
60 46 28 24 12 1 1 1 4 2 
51 41 25 26 14 11 10 4 -1 -2 
52 40 23 20 9 8 4 4 -1 -1 
63 42 24 13 6 5 4 3 5 -2 
67 49 28 16 12 10 10 8 8 1 
56 47 29 20 14 11 9 9 10 1 
56 36 21 12 3 6 8 5 8 1 
64 37 23 15 2 4 5 1 6 0 
60 41 22 14 8 2 -1 1 2 1 
53 35 20 14 14 8 5 9 2 3 
54 35 26 20 15 12 6 5 1 0 
45 39 30 23 14 11 4 0 3 2 
61 38 21 15 2 -2 0 1 2 1 
63 37 20 12 4 -2 -1 2 -1 1 
54 44 31 19 12 7 8 7 1 2 
55 48 31 23 12 6 13 6 2 1 
50 41 27 18 16 11 5 5 2 0 
47 34 22 16 16 13 0 1 1 3 
44 29 21 19 9 9 0 -6 -3 3 
40 24 19 17 10 8 4 1 -2 0 
45 31 19 20 13 8 6 8 6 3 
48 37 24 22 10 8 7 2 5 4 
39 30 19 13 9 12 8 -2 0 0 
39 27 20 14 7 4 6 0 -6 -5 
38 24 17 14 6 -4 4 -2 -10 -10 
53 38 22 19 11 4 9 4 5 6 
