39 30 19 13 9 12 8 -2 0 0 
39 27 20 14 7 4 6 0 -6 -5 
38 24 17 14 6 -4 4 -2 -10 -10 
53 38 22 19 11 4 9 4 5 6 
56 42 25 22 15 5 7 5 7 8 
53 41 26 28 24 8 7 2 4 0 
45 40 28 22 20 11 5 0 2 0 
41 38 28 22 15 7 4 1 3 0 
47 39 26 23 17 9 4 1 3 -4 
49 36 31 20 11 12 7 1 -2 -3 
49 39 35 25 11 18 11 6 1 2 
58 46 31 19 12 17 9 5 4 2 
62 46 26 15 10 8 6 4 5 1 
56 47 26 18 12 11 7 8 5 4 
48 40 29 20 18 15 8 6 3 2 
38 33 24 16 11 4 4 2 2 1 
43 41 27 19 6 4 6 2 0 -1 
46 39 21 19 9 8 5 4 0 -4 
60 43 22 16 13 10 5 5 3 -2 
60 42 25 13 14 10 5 2 2 -2 
42 32 17 9 13 9 -4 -2 -2 -1 
41 32 18 7 10 7 -6 0 -1 -1 
42 37 27 15 12 9 6 3 4 -1 
49 39 27 21 17 11 9 1 7 -1 
52 41 25 21 19 10 8 0 3 0 
45 40 25 20 18 6 6 3 -1 -1 
39 34 21 18 14 3 5 4 -3 -1 
37 31 16 12 6 2 0 -6 -8 -3 
48 41 27 16 12 9 4 2 3 0 
47 41 31 21 19 11 7 7 6 3 
