44 46 33 27 20 12 6 4 4 -2 
30 30 20 16 10 2 1 1 -1 0 
34 31 20 15 9 4 5 3 -1 2 
34 28 19 11 7 5 3 2 4 3 
46 39 29 18 15 9 6 4 8 7 
46 41 27 18 13 8 6 8 9 7 
41 34 23 17 10 10 7 10 8 7 
45 34 21 16 13 12 7 9 3 3 
38 27 20 10 7 9 3 1 3 -2 
33 24 25 16 6 9 0 0 4 -2 
35 30 23 21 8 9 2 3 3 2 
40 31 21 21 12 10 5 5 1 1 
42 31 22 14 12 8 2 5 2 -1 
37 29 24 9 2 1 3 1 0 0 
44 36 33 15 5 2 5 6 1 1 
48 39 26 17 10 8 7 10 7 3 
46 34 19 18 13 12 9 9 7 3 
43 30 21 19 16 11 8 5 4 0 
36 28 17 12 9 7 4 3 6 -1 
43 36 23 12 9 10 5 2 4 4 
42 37 22 15 9 11 8 0 5 4 
37 35 23 17 12 7 4 2 3 -1 
39 34 27 17 14 4 4 4 3 0 
38 31 22 15 12 4 2 0 5 1 
34 33 19 14 9 3 0 -4 -2 -3 
33 35 20 18 15 4 3 3 0 0 
33 30 20 16 12 3 4 5 5 3 
29 25 17 11 -1 0 -1 -1 3 -1 
31 28 15 4 -3 -4 -7 -1 4 0 
39 32 24 11 4 5 -2 -3 4 3 
