70 53 21 2 -4 0 3 7 6 4 
73 53 24 1 -4 1 3 6 7 1 
73 54 24 6 -1 -3 -2 5 3 -1 
73 55 29 9 1 -10 -2 2 1 0 
73 60 29 8 2 -5 -2 2 -1 -1 
74 56 28 16 7 -2 -3 3 -1 -2 
74 53 27 15 5 -4 1 3 2 1 
71 57 28 12 4 -2 0 3 4 2 
72 58 26 13 5 0 -4 5 2 -1 
68 54 25 12 4 -2 -3 5 -1 -2 
63 53 33 16 6 0 0 1 -1 -2 
64 52 33 17 2 0 -2 2 2 -2 
59 50 33 17 3 -4 -5 0 4 -1 
53 42 26 15 4 -3 -1 0 1 -4 
63 49 29 20 13 5 8 4 2 0 
66 49 29 15 16 7 6 3 1 2 
41 30 19 11 9 1 -1 -5 -5 -6 
37 32 19 15 9 -1 -3 -5 -6 -5 
41 36 22 20 9 1 -5 -1 -5 -2 
39 39 23 21 10 6 -5 -2 -3 0 
38 40 26 20 11 6 -1 -4 0 -1 
38 37 24 21 10 4 2 -4 -3 -5 
32 33 20 20 9 1 2 -6 -6 -4 
29 28 24 22 11 2 3 -5 -9 -8 
35 29 25 19 10 4 2 -1 -7 -8 
39 35 26 13 6 2 -1 -2 -2 -4 
38 34 25 10 4 1 -1 -3 -3 -4 
41 38 28 16 4 3 -3 -4 -2 -3 
51 42 31 28 13 7 4 3 0 -2 
47 36 29 27 17 10 8 5 -1 -6 
