95 60 27 5 -6 -6 2 5 6 1 
92 62 25 3 -2 -4 2 7 4 1 
90 61 20 1 -4 -2 0 4 5 4 
90 62 21 3 -2 -2 0 5 8 5 
87 58 25 7 1 -1 0 7 7 3 
85 57 23 7 0 1 -2 6 10 6 
80 53 26 10 -4 -2 1 6 10 4 
71 50 30 14 4 5 6 10 11 6 
75 57 29 16 8 7 3 7 9 6 
74 57 27 16 11 5 3 4 5 4 
61 47 27 19 23 14 5 4 5 2 
57 39 19 17 16 14 10 7 11 6 
54 42 24 19 13 15 9 7 9 3 
49 36 21 14 9 10 4 0 -3 -2 
59 37 14 10 8 5 -1 -5 -2 1 
65 40 16 14 10 1 -4 -3 1 0 
60 47 26 19 12 3 2 2 1 -2 
49 46 28 21 22 11 6 1 1 -1 
45 37 29 19 17 11 7 0 2 0 
40 30 24 14 9 6 -2 -6 -2 -5 
39 33 21 15 13 7 -9 -10 -5 -5 
38 33 22 15 10 4 -9 -9 -5 -2 
41 33 21 17 7 5 0 -3 -4 -3 
47 38 25 20 11 10 4 1 -1 0 
47 38 28 19 11 8 3 -2 -1 -1 
43 39 28 19 8 5 1 -3 -3 -3 
46 37 23 18 8 8 -1 -1 0 -3 
46 35 17 13 5 6 -3 -8 -2 -6 
48 40 24 21 7 5 3 -4 -2 -5 
50 39 26 22 9 3 4 0 2 -2 
