39 22 21 23 14 1 -2 1 3 -1 
38 25 20 18 6 4 0 -1 -2 -1 
38 28 26 21 9 8 0 -1 1 -2 
39 31 28 19 5 4 0 1 4 1 
41 27 20 14 2 3 -1 -1 -3 -2 
40 25 20 17 6 6 1 -1 -5 -2 
50 42 24 9 1 1 -6 -2 -4 -4 
59 49 23 4 -2 -3 -7 -2 -5 -2 
70 53 22 8 0 -10 -9 -5 -3 0 
75 57 23 7 -1 -12 -11 -5 0 0 
75 59 26 2 -5 -10 -8 -4 -2 -3 
77 58 24 4 -4 -7 -5 -5 -5 -7 
77 54 25 5 -3 -4 -10 -5 -4 -6 
73 53 22 2 -4 -6 -5 -6 -2 -2 
78 59 20 1 -7 -5 -1 -3 1 2 
84 66 27 6 -9 -9 -8 -2 4 1 
85 60 22 4 -8 -8 -5 -2 2 -5 
82 52 17 -2 -7 -7 -2 6 4 -4 
79 54 21 0 -6 -10 -3 5 3 1 
77 56 27 7 -1 -7 -7 -1 1 0 
79 57 27 5 -2 -6 -6 2 9 3 
82 59 26 1 -3 -6 -6 -2 6 4 
83 58 29 7 -1 -5 -9 -1 0 -3 
84 58 31 12 3 -3 -8 0 0 -5 
89 60 27 10 0 -9 -7 3 2 -1 
93 58 25 7 -4 -13 -10 3 5 1 
91 58 24 6 -4 -10 -9 0 4 -1 
72 36 18 6 1 -2 -3 -1 -2 -3 
71 36 20 9 5 2 0 1 -1 -2 
89 60 26 11 0 -2 2 4 4 0 
