44 36 23 18 21 14 0 2 3 5 
40 33 17 13 15 6 -4 -1 1 1 
39 33 22 23 13 6 4 2 1 1 
36 32 25 29 15 10 3 0 1 -2 
32 32 23 20 14 10 3 3 3 2 
42 42 30 18 11 7 -3 -2 -3 -1 
44 46 33 19 10 9 -2 -3 4 2 
39 34 25 17 12 11 3 1 8 7 
40 29 23 14 12 11 6 3 3 0 
34 30 22 21 17 13 7 7 5 0 
39 32 21 23 22 19 10 8 8 3 
44 37 22 19 16 15 10 6 9 5 
40 35 19 18 16 14 5 1 8 7 
44 37 20 15 13 14 1 -3 4 4 
47 43 26 23 15 10 6 7 5 4 
40 39 27 25 21 10 7 12 8 5 
42 32 26 17 18 10 -1 3 4 4 
40 33 21 17 18 8 -1 -1 4 7 
39 35 19 20 17 8 8 3 5 6 
39 35 22 15 8 6 3 4 4 4 
36 32 20 12 7 7 -3 0 5 4 
35 29 20 16 12 7 -1 -3 2 -2 
33 30 20 14 7 3 -1 -5 0 -3 
33 28 15 12 7 3 4 -3 -2 -3 
30 21 11 7 8 3 2 0 -4 -3 
29 23 13 5 4 2 -4 -1 0 -5 
28 24 14 10 6 3 -6 -3 3 -7 
24 17 11 13 7 1 -7 -3 3 -4 
29 19 15 14 8 1 -8 -6 -2 -4 
32 27 19 14 9 4 -1 -3 -4 -4 
