35 28 19 12 12 8 2 4 1 4 
32 32 21 14 14 5 0 3 2 5 
31 27 19 17 8 2 1 -1 -1 0 
38 30 23 23 7 2 3 -3 2 0 
39 33 26 16 9 2 0 -2 2 2 
35 30 23 12 6 8 -1 -3 -1 2 
40 31 18 17 5 6 3 2 -1 -3 
40 30 17 14 3 3 2 2 -3 -5 
35 24 14 12 8 5 -2 -10 -8 -8 
36 24 16 10 4 3 -5 -10 -6 -8 
33 26 20 6 -3 -5 -8 -8 -5 -8 
38 31 23 12 5 3 0 -3 -3 -6 
37 26 24 16 9 4 1 0 -4 -3 
40 28 26 17 9 -4 -5 -2 -4 -3 
44 34 23 16 9 0 -2 -1 -2 -4 
39 32 23 20 10 5 4 -3 -1 -4 
40 32 21 21 8 5 4 -4 1 -5 
40 34 18 16 9 5 1 -2 -2 -8 
38 31 22 15 9 5 1 -4 -3 -5 
36 30 23 17 8 4 3 -6 -2 -4 
34 27 19 17 1 1 -3 -10 -2 -4 
40 28 17 18 2 3 -2 -7 1 -4 
36 25 17 18 12 4 -4 -6 -2 -6 
34 26 14 11 10 2 -3 -6 -6 -6 
39 29 17 12 6 5 -1 -5 -4 -6 
38 30 23 20 13 8 -1 -7 -3 -3 
37 34 25 18 12 7 0 -9 -2 -1 
35 33 19 14 4 2 -1 -8 0 -1 
35 34 20 14 8 4 0 -5 -2 0 
45 36 18 12 11 7 1 -2 -2 -8 
