32 26 21 15 8 6 -1 -3 -4 -7 
32 32 20 15 11 6 -2 -1 -2 -7 
36 30 22 19 10 3 -2 0 -1 -2 
37 27 19 19 12 0 -4 -5 1 -2 
38 28 16 15 10 2 -2 -3 1 -6 
37 28 20 10 5 3 3 3 -3 -4 
34 28 15 9 2 -4 -1 0 -4 -3 
33 30 19 10 2 -5 -5 -2 -4 -4 
31 27 23 10 3 -2 -3 -3 -8 -5 
34 34 21 16 9 4 2 -2 -8 -3 
36 32 17 15 10 4 0 -2 -2 -2 
44 32 18 14 8 2 0 0 1 -2 
42 36 21 10 13 6 -1 0 -3 -4 
31 28 17 13 14 8 1 -3 -11 -8 
33 32 19 15 13 8 2 -7 -9 -8 
44 39 22 11 12 5 1 -6 0 -3 
41 35 20 15 8 0 1 -3 1 -1 
29 27 18 12 6 3 -2 -1 -2 -7 
29 25 16 12 4 6 1 -2 -1 -6 
38 27 22 17 8 7 1 1 2 -2 
37 32 22 20 11 7 1 -1 -3 -5 
33 34 22 23 14 5 3 -2 -6 -3 
36 35 21 19 13 5 3 2 1 1 
38 36 21 17 11 7 3 -2 2 0 
36 32 18 20 12 5 0 -7 -2 0 
37 28 12 17 7 2 1 -6 -5 -4 
39 26 16 12 4 2 3 -7 -4 -6 
35 31 20 10 3 3 0 -8 -6 -6 
36 33 20 11 6 7 3 -3 -7 -7 
41 31 16 11 5 7 1 -6 -7 -4 
