36 26 16 13 5 -1 1 -5 -6 -3 
38 31 16 12 10 2 2 -2 -5 -3 
37 33 16 8 10 6 0 -5 -4 -5 
39 33 16 12 7 4 -1 -8 -7 -7 
35 34 23 14 7 1 0 -7 -9 -6 
33 32 23 14 9 0 3 0 -1 -3 
33 31 22 16 5 -1 4 3 -1 -5 
36 31 16 16 4 -1 -2 -5 -5 -6 
37 28 14 15 6 1 -1 -6 -3 -3 
34 31 19 18 6 2 -2 -5 0 -3 
37 38 23 19 11 3 -5 -7 -3 -2 
34 33 18 11 10 3 -1 -2 -4 -2 
29 27 16 8 9 4 -1 -4 -6 -5 
39 31 18 11 8 6 -1 -5 -4 -4 
45 35 22 19 10 3 2 2 0 0 
42 34 25 20 11 8 5 2 0 0 
38 35 26 19 12 10 4 1 -1 -5 
37 33 24 11 9 5 -5 -2 -1 -9 
42 34 21 11 12 11 -1 0 4 -4 
38 35 23 15 13 6 3 4 1 -3 
34 39 21 17 10 3 6 3 -4 -4 
33 32 16 14 11 6 1 0 -2 -5 
33 31 16 13 14 4 -4 -7 -4 -6 
37 34 18 16 9 3 0 -11 -4 -3 
37 31 24 21 8 9 -1 -5 1 -2 
37 31 24 19 9 6 -4 -5 1 -1 
30 28 24 14 3 1 -8 -8 -7 -5 
31 29 23 13 4 2 -7 -6 -7 -7 
31 31 23 16 5 -1 -5 -5 -4 -5 
32 29 24 16 7 2 -3 -5 -7 -4 
