37 36 25 23 16 6 -3 0 -4 -2 
33 34 23 19 17 9 0 0 -6 -4 
39 35 19 14 12 0 -4 -5 -6 -6 
48 39 14 13 7 -3 -3 -10 -4 -3 
54 44 17 14 2 -3 -7 -12 -6 -1 
56 42 23 14 -2 -10 -7 -7 -6 -1 
58 40 23 11 -2 -10 -5 -4 -7 1 
59 42 27 11 -5 -8 -6 -4 -7 2 
57 43 30 10 -4 -10 -12 -3 -7 2 
58 44 24 9 1 -7 -13 -6 -7 1 
55 44 24 7 -1 -3 -7 -10 -4 -2 
56 44 25 9 -4 -5 -6 -11 -6 -5 
58 45 24 17 0 -4 -11 -11 -8 -5 
55 45 28 17 2 -1 -14 -9 -6 -4 
61 47 29 11 1 2 -13 -8 -5 -4 
64 46 25 13 0 -1 -10 -8 -5 -7 
59 45 25 13 0 -4 -6 -8 -5 -7 
56 46 24 11 0 -5 -4 -4 -3 -5 
61 47 17 1 -5 -6 -6 -4 -1 0 
65 50 16 1 -4 -4 -6 -6 0 2 
59 47 20 10 2 -3 -5 -6 1 3 
51 46 17 10 9 3 -1 3 0 -1 
56 49 17 11 8 2 -5 6 -2 -6 
54 42 28 18 4 2 -8 -8 -3 -6 
53 42 28 12 4 -1 -6 -8 -2 0 
50 41 24 13 5 1 -4 -7 0 3 
46 36 23 17 8 6 0 -6 -1 -3 
41 38 23 15 12 7 3 -2 -2 -2 
37 36 25 12 4 0 -2 -4 -4 -2 
33 30 22 9 2 -1 0 -3 -2 -5 
