86 48 12 2 -2 -4 -10 -14 -8 0 
77 45 16 5 3 -3 -9 -5 1 2 
77 43 13 3 2 -8 -8 0 3 2 
77 41 11 3 -3 -7 -6 0 6 2 
76 46 13 6 -1 -6 -7 0 4 5 
78 47 14 9 2 -3 -4 -2 -1 1 
77 44 15 8 0 1 -2 -5 -3 -4 
80 47 17 5 -5 -2 -3 -8 -5 0 
79 50 24 4 -6 -8 -6 -7 -5 1 
78 49 25 9 -2 -8 -13 -6 -2 0 
80 49 18 6 1 -4 -12 -6 -1 -2 
80 55 15 3 1 -3 -11 -7 -1 -1 
82 51 16 7 -1 -3 -6 -4 -4 -1 
79 48 18 4 0 -5 -6 -5 -6 -4 
78 50 18 1 4 -6 -9 -6 -6 -7 
83 48 16 4 6 -6 -9 -8 -4 -3 
82 48 15 9 4 -6 -6 -9 -3 -1 
78 46 17 9 5 -1 -5 -9 -4 -4 
79 43 18 7 3 -2 -8 -8 -5 -3 
79 44 18 6 1 -6 -8 -5 -4 -3 
80 44 18 9 2 -7 -7 -6 -1 -3 
83 50 18 9 -1 -6 -3 -6 2 -2 
82 56 17 8 -4 -3 -3 -4 1 -4 
84 56 14 6 -3 -8 -10 -5 -2 -5 
82 46 13 2 -5 -9 -10 -9 -9 -4 
77 43 18 4 -3 -2 -5 -9 -8 -2 
72 42 20 7 2 -2 -8 -3 -1 1 
66 43 22 10 1 -2 -8 2 0 0 
60 47 24 10 -1 -5 -5 1 -1 -1 
51 41 18 10 4 -6 -6 1 3 -2 
