26 22 14 9 5 6 -3 -7 -3 -6 
23 26 18 13 8 5 -6 -6 -3 -6 
25 29 20 8 6 2 -6 -3 -4 -3 
29 27 15 0 5 1 -3 -5 -6 0 
31 30 11 6 7 3 0 -7 -6 -1 
44 30 4 2 -2 3 1 0 0 -5 
45 30 6 1 0 6 3 0 2 -4 
25 31 15 9 8 12 4 -1 2 -1 
21 28 21 16 9 14 5 0 1 -4 
30 27 24 19 14 14 8 3 4 0 
35 31 20 14 13 8 6 7 5 3 
30 25 18 12 11 5 1 0 4 4 
20 18 18 15 7 7 0 -5 -1 0 
32 30 17 10 -3 -4 -11 -14 -8 -7 
47 39 18 6 0 -8 -16 -19 -13 -8 
57 38 19 14 7 -3 -12 -15 -7 1 
45 32 18 15 13 4 -5 -5 -2 2 
40 33 24 7 5 0 -4 -3 -2 0 
41 28 22 10 4 0 0 -1 1 3 
32 28 18 15 6 2 1 2 0 0 
30 26 10 5 4 0 0 3 -3 -6 
31 26 11 4 3 2 2 1 -3 -3 
20 23 9 7 7 8 7 1 3 3 
18 18 13 11 11 12 13 4 6 2 
26 26 20 15 11 9 9 0 -3 -4 
31 29 12 12 9 5 5 1 -2 -1 
24 23 10 9 9 5 2 2 2 1 
31 24 13 5 6 8 1 0 6 5 
36 25 14 5 6 8 -1 -2 2 7 
29 26 17 11 8 3 0 -5 -3 4 
