18 24 14 7 4 4 2 -2 0 -3 
18 25 17 11 7 9 6 -2 4 2 
17 26 17 9 9 13 6 -3 5 5 
20 23 17 7 8 8 4 -2 5 5 
23 25 22 10 5 3 2 1 4 4 
24 31 24 7 11 4 4 3 8 6 
21 30 22 8 15 7 6 5 10 8 
23 26 21 13 10 8 4 6 8 7 
27 24 20 14 8 8 1 7 7 6 
27 26 19 17 14 12 5 4 10 8 
26 30 17 14 13 11 9 4 10 10 
25 27 19 12 10 6 9 6 7 8 
34 25 24 13 8 5 7 6 3 5 
29 30 21 14 5 7 10 4 2 3 
28 28 19 15 8 10 10 4 6 5 
33 35 19 14 11 11 7 8 9 8 
26 44 23 14 12 11 4 9 8 7 
27 33 22 11 8 8 -4 1 5 3 
26 24 18 12 8 5 0 0 6 3 
20 20 8 15 13 9 8 3 9 5 
22 24 15 12 15 9 3 4 8 8 
21 24 19 5 9 10 1 7 4 6 
21 23 10 3 6 9 -1 5 2 0 
24 30 11 12 6 7 -3 -3 -2 -2 
20 24 13 17 6 9 -1 -2 -2 -1 
19 21 16 17 6 7 1 3 2 4 
28 22 12 16 10 2 0 -1 3 2 
25 16 11 14 9 2 2 -4 3 1 
19 19 17 14 7 6 7 3 7 3 
19 20 19 15 8 9 5 -1 0 1 
