17 28 18 11 8 -3 -6 -2 1 2 
22 24 16 11 10 1 0 2 4 4 
22 23 17 11 11 5 7 4 6 5 
22 24 13 11 7 -1 2 2 6 8 
22 30 13 11 5 0 -1 1 6 4 
24 28 16 13 8 3 1 4 5 2 
29 22 17 13 10 8 5 8 6 3 
26 27 18 13 10 8 2 4 4 2 
25 26 19 19 14 9 2 3 7 7 
27 22 18 18 11 10 8 4 9 8 
24 24 21 12 6 7 10 2 4 5 
20 30 25 17 12 9 6 2 0 4 
23 31 14 17 13 10 5 0 3 6 
27 26 15 19 6 9 6 -2 3 7 
32 26 26 23 10 12 8 3 9 8 
30 32 19 20 14 14 7 6 12 6 
28 31 14 20 11 5 7 7 5 4 
24 25 16 17 13 6 7 6 4 3 
26 28 17 8 9 7 6 4 3 1 
26 27 22 11 11 5 6 4 3 1 
42 26 21 13 11 3 -1 1 2 0 
40 26 16 11 6 5 -3 -1 4 1 
23 24 9 7 6 8 1 2 7 7 
26 30 7 7 5 3 -1 -1 3 2 
20 30 13 9 5 -1 5 4 3 0 
14 23 19 15 11 2 0 3 3 2 
19 20 19 15 9 6 -1 -2 5 5 
24 23 19 19 13 8 6 -1 4 1 
20 29 20 15 18 9 -1 1 -1 -2 
20 32 15 10 14 12 -2 2 0 0 
