20 23 16 7 6 3 1 1 7 8 
16 21 15 6 5 -2 -3 -4 2 6 
18 21 13 9 6 -1 -4 -2 2 0 
22 26 16 15 6 2 -1 -1 4 2 
42 27 9 12 11 11 4 -6 -4 -4 
44 27 12 10 10 13 1 -3 -5 -2 
27 31 27 13 3 0 -5 4 4 5 
41 32 20 14 11 7 2 -1 -4 -1 
39 33 21 14 11 9 3 -1 -6 0 
30 30 20 12 11 9 1 4 5 6 
39 32 17 14 10 7 1 2 5 7 
32 19 12 16 12 2 0 3 7 5 
26 14 8 14 12 -1 0 3 6 4 
26 27 14 15 8 4 4 4 5 4 
27 28 17 15 10 5 5 5 4 8 
30 28 21 17 15 7 4 3 6 11 
31 27 19 18 12 12 5 2 4 9 
21 22 15 12 11 8 2 1 5 6 
20 18 18 14 7 3 2 5 7 7 
25 18 15 15 0 2 2 3 4 3 
24 27 9 5 7 4 -3 0 3 0 
17 23 16 2 5 6 2 0 6 6 
17 21 18 2 3 5 1 0 6 6 
23 24 19 9 5 1 -3 -1 5 1 
20 30 20 16 6 0 1 0 6 3 
16 28 10 10 8 3 4 3 6 4 
17 26 12 8 5 3 1 0 0 1 
20 30 18 10 4 3 2 -1 2 4 
19 19 14 9 6 3 4 -1 6 5 
14 19 9 11 7 1 -1 -1 0 0 
