24 29 12 16 5 -10 7 -1 -3 3 
21 27 18 8 5 -5 2 -1 -1 2 
23 28 22 10 9 1 2 -1 -1 4 
23 23 16 19 11 1 0 -1 0 6 
20 22 18 14 12 5 -1 1 3 5 
27 26 20 14 10 7 6 3 1 6 
24 22 20 19 10 8 8 3 3 6 
16 19 18 17 15 8 11 6 9 8 
20 24 19 15 12 7 9 4 7 8 
32 19 16 18 8 16 7 7 9 11 
31 23 15 13 9 11 6 6 8 11 
23 30 14 9 5 4 5 5 3 7 
33 30 13 17 8 4 4 3 3 6 
33 22 16 18 5 4 0 -2 2 5 
38 21 19 19 10 9 4 3 5 10 
41 26 20 17 18 8 8 9 5 12 
30 26 21 18 14 8 12 6 8 9 
30 24 14 14 4 3 4 1 8 6 
32 24 12 14 3 3 1 3 6 5 
28 24 22 20 10 10 3 7 5 7 
27 26 21 17 10 10 3 3 6 5 
20 21 13 7 5 6 3 -1 8 3 
26 20 11 0 -3 -1 -4 0 7 2 
29 22 9 4 1 3 -2 0 6 3 
21 26 12 11 8 7 2 1 3 2 
22 26 11 12 10 5 -1 -2 1 5 
25 17 8 11 5 5 1 0 3 5 
29 26 11 16 5 4 5 6 7 5 
25 28 13 14 7 4 2 6 9 5 
22 23 8 6 1 0 -2 2 5 1 
