14 28 16 17 10 4 5 2 7 4 
24 27 9 16 5 2 1 0 5 2 
18 13 10 9 -3 4 4 -4 -1 3 
14 13 12 5 -3 2 3 -4 -2 3 
23 21 17 7 3 6 0 -4 0 5 
19 24 18 7 5 7 0 -4 0 4 
19 30 18 8 0 4 2 3 4 0 
24 29 17 11 -3 2 2 3 6 1 
23 26 12 15 -2 2 2 0 3 1 
20 22 14 21 8 10 5 4 3 4 
30 25 17 16 9 9 4 4 2 8 
30 26 18 14 9 7 3 2 3 5 
17 28 18 12 7 7 2 -2 3 4 
24 25 16 13 7 8 2 -1 4 6 
31 28 18 11 12 8 5 5 6 9 
28 35 19 10 12 9 8 4 6 6 
20 26 8 8 9 3 0 -3 3 2 
21 23 15 11 5 3 0 -3 3 6 
17 26 24 10 5 6 8 2 6 6 
19 29 21 14 9 7 8 3 4 0 
32 32 17 11 5 0 5 5 6 1 
33 30 15 11 4 -3 4 5 5 4 
23 25 15 20 6 3 2 -1 3 6 
27 27 18 17 10 10 3 1 4 7 
31 26 17 17 14 8 1 1 1 1 
23 19 13 18 11 4 -3 -4 -1 -1 
20 21 11 17 9 5 -4 -4 -1 0 
25 25 10 13 1 6 1 -3 0 2 
28 28 12 17 1 8 5 2 5 6 
24 32 12 14 6 8 8 4 2 3 
