26 25 15 16 8 0 5 2 -1 0 
23 26 18 15 9 2 8 4 1 0 
21 27 15 11 7 1 2 3 4 1 
25 25 12 10 3 -1 1 2 2 0 
30 26 17 10 4 3 3 5 2 0 
32 28 17 17 10 7 4 6 4 4 
28 28 17 20 9 4 4 2 4 5 
30 18 -1 11 10 1 8 -3 10 3 
33 21 0 13 13 2 8 -1 12 3 
26 29 16 18 11 2 4 5 6 3 
22 30 16 13 8 2 4 7 0 4 
25 32 18 9 9 5 2 7 4 6 
21 30 21 10 6 6 6 5 6 5 
16 26 19 11 8 4 6 3 2 3 
27 32 22 13 11 9 12 5 5 7 
28 29 22 15 12 14 11 6 6 6 
26 22 18 16 12 10 6 5 5 2 
25 23 18 16 13 8 2 3 2 -1 
29 23 11 12 5 9 1 4 5 0 
31 28 13 12 5 9 5 4 6 2 
27 34 15 7 9 9 4 -1 0 5 
27 32 12 11 18 12 5 4 6 8 
32 28 14 17 15 6 3 5 6 7 
31 28 14 15 12 1 1 5 5 5 
12 19 11 3 5 3 -2 0 4 1 
15 20 13 5 10 12 3 0 0 -2 
26 33 10 11 11 5 5 3 3 4 
28 25 6 11 9 5 6 3 2 6 
25 25 10 7 3 3 2 -4 1 3 
20 31 17 8 1 1 1 -3 3 3 
