17 18 10 9 2 5 4 2 1 -1 
23 26 21 9 8 11 3 7 5 1 
27 23 19 10 9 13 4 5 3 3 
23 23 14 13 8 10 7 8 0 2 
24 23 19 12 7 5 8 6 -3 2 
29 24 19 11 6 9 5 2 0 5 
33 28 18 17 11 12 6 5 7 7 
39 34 17 19 13 9 10 4 4 6 
34 32 23 18 10 9 6 6 3 3 
32 31 23 15 2 7 5 7 4 3 
43 36 23 14 3 5 2 2 -4 -2 
48 39 22 12 8 6 -1 1 -5 -3 
52 41 26 10 7 6 0 -1 -4 -1 
54 46 29 13 6 2 -3 -5 -5 -4 
56 52 27 12 8 2 -6 -7 -7 -7 
56 52 28 15 8 -2 -5 -6 -9 -6 
55 47 30 18 10 3 -5 -11 -12 -6 
52 43 30 19 12 10 -2 -10 -10 -7 
50 40 29 16 10 7 -3 -3 -2 -1 
49 39 24 13 12 7 -1 -3 -3 -1 
47 40 25 13 13 7 1 -1 -6 -4 
44 32 28 13 10 3 1 4 -3 -5 
41 31 27 15 12 3 4 1 -4 -3 
38 37 24 17 14 5 3 -5 -7 -1 
36 34 26 18 13 3 0 -5 -7 -3 
34 35 27 15 16 3 -3 -8 -4 -2 
29 39 22 14 11 3 -4 -6 -1 -4 
29 35 20 18 10 5 -1 -5 -2 -3 
34 30 20 17 10 5 0 -5 -2 -1 
36 33 19 16 12 9 0 -4 1 -1 
