23 23 12 6 3 9 0 -1 1 3 
18 21 18 8 6 9 5 3 3 3 
17 23 14 4 1 2 2 2 3 3 
19 26 12 6 7 2 0 1 4 3 
31 24 15 8 13 8 10 6 2 2 
32 25 17 8 11 10 8 8 0 2 
28 27 15 7 6 8 4 4 6 6 
25 19 6 3 -2 -1 0 -4 -1 2 
19 23 13 9 1 3 1 -7 -2 1 
25 28 18 14 5 4 2 -2 4 7 
28 30 13 14 7 1 0 2 6 6 
23 20 4 10 3 -4 0 0 -1 -1 
27 25 6 12 4 3 1 3 0 2 
28 26 12 12 5 6 5 7 5 5 
34 27 17 17 10 7 10 9 8 5 
35 30 12 22 10 8 10 5 6 4 
25 23 10 14 11 13 3 1 3 6 
24 24 12 12 14 15 -2 0 4 7 
46 40 23 14 6 3 -6 -5 -2 1 
50 43 25 13 5 5 -4 -5 -4 3 
48 41 23 13 13 9 -6 -8 -3 -1 
45 41 22 14 14 8 -3 -9 -5 -6 
43 39 22 15 16 8 -1 -6 -2 -3 
35 31 17 14 14 10 -1 0 3 4 
32 31 21 14 8 11 1 3 4 4 
29 33 20 14 7 13 5 4 4 6 
22 31 16 13 10 13 4 5 1 5 
16 17 14 9 5 2 -1 -4 -2 5 
18 24 14 11 3 4 1 0 1 5 
18 26 8 10 7 6 1 6 8 5 
