22 27 17 12 6 8 9 3 6 3 
24 29 14 12 8 7 1 5 11 7 
25 29 13 11 9 6 -4 5 10 9 
24 27 9 8 6 3 -1 0 4 9 
15 22 4 3 4 -3 -6 -3 0 7 
15 27 7 4 6 0 -6 0 2 1 
21 28 10 16 6 7 1 3 2 1 
23 26 17 17 9 7 0 2 6 4 
27 25 13 14 8 8 1 1 5 5 
26 23 8 12 11 8 2 4 3 7 
27 24 11 10 10 7 4 5 5 6 
23 19 8 10 2 6 5 7 7 5 
11 18 8 8 1 -1 1 4 4 2 
17 35 20 14 15 6 9 8 8 8 
17 26 21 13 14 12 13 9 9 8 
21 18 17 20 12 12 3 3 5 5 
26 19 15 19 10 10 1 2 6 8 
34 27 19 14 9 12 6 4 7 7 
37 32 16 14 8 9 11 7 4 7 
31 28 13 9 6 5 7 6 3 4 
29 29 16 12 8 7 5 5 6 2 
29 28 13 14 11 9 5 2 7 5 
30 27 15 14 10 11 7 2 9 7 
27 24 21 16 8 10 9 7 11 5 
15 20 22 16 15 10 4 5 0 1 
20 22 18 10 6 4 0 1 -2 1 
22 24 18 10 -2 2 2 0 2 3 
16 26 22 14 3 2 2 7 4 4 
25 28 16 15 7 1 1 8 5 6 
31 28 12 9 10 5 3 1 6 5 
