25 31 22 16 11 5 -4 -5 0 -4 
38 32 19 12 7 4 0 -3 -1 -2 
45 36 22 16 9 -2 -1 -2 -5 -5 
48 42 22 16 10 -2 -6 -3 -6 -7 
56 48 18 14 8 -1 -10 -7 -7 -6 
57 49 23 20 7 -2 -6 -12 -8 -3 
56 50 28 21 8 1 -3 -12 -9 -7 
60 52 32 17 11 3 -7 -10 -7 -8 
61 55 34 19 12 4 -8 -10 -9 -5 
61 55 34 21 10 2 -7 -11 -8 -7 
58 55 34 22 11 0 -8 -12 -7 -9 
56 53 33 23 9 2 -6 -13 -11 -9 
63 53 32 22 6 5 -8 -15 -13 -7 
63 54 32 18 8 2 -7 -11 -12 -9 
61 53 34 20 9 2 -6 -11 -9 -9 
63 55 33 26 11 -1 -7 -12 -9 -10 
61 59 34 23 14 -2 -7 -7 -12 -9 
59 57 35 18 13 4 -7 -4 -10 -9 
57 52 33 17 13 7 -4 -2 -6 -12 
48 47 32 22 14 8 1 -4 -5 -7 
49 48 33 26 13 4 0 -5 -3 -6 
55 49 32 22 8 -1 0 -3 -4 -9 
53 51 31 20 5 -2 1 -3 -6 -10 
51 48 31 23 8 3 -1 -3 -8 -9 
49 47 34 21 11 9 -4 -5 -9 -6 
47 48 36 20 11 6 -4 -2 -6 -5 
42 44 29 22 14 0 -3 -1 -2 -2 
35 35 22 20 11 2 0 0 -1 -2 
33 26 17 18 9 7 3 0 -4 -2 
34 33 12 15 12 8 1 -4 -2 -1 
