24 17 15 13 1 7 7 6 6 0 
25 16 18 14 2 7 7 5 6 2 
23 22 22 13 3 11 7 3 5 4 
28 27 14 7 8 7 1 2 -1 2 
25 29 11 7 6 4 -2 3 1 -1 
16 26 14 7 0 4 1 5 2 -2 
10 21 11 3 2 4 2 6 -2 -1 
20 22 19 10 4 1 0 3 -1 1 
27 22 24 12 8 -2 -2 0 3 3 
28 27 16 10 10 1 -2 2 5 1 
26 20 13 11 6 4 3 -1 0 -1 
37 36 22 7 -3 -11 -18 -14 -11 -7 
55 49 26 8 -6 -12 -20 -14 -13 -8 
64 49 22 4 -5 -12 -15 -18 -16 -8 
62 49 21 -1 -7 -15 -16 -19 -17 -12 
65 50 21 1 -10 -18 -17 -14 -14 -15 
63 49 16 1 -8 -18 -18 -14 -14 -16 
65 53 19 6 -7 -12 -11 -12 -14 -10 
72 51 20 9 -7 -9 -9 -11 -12 -7 
72 48 20 6 -6 -7 -13 -13 -11 -9 
68 45 17 1 -11 -10 -14 -19 -16 -9 
69 45 16 1 -12 -12 -12 -18 -15 -9 
67 46 13 -3 -14 -12 -16 -16 -14 -15 
75 48 8 -6 -14 -10 -11 -10 -6 -5 
74 50 10 -6 -11 -8 -8 -8 -4 0 
72 47 14 0 -6 -8 -9 -4 -2 -1 
66 43 12 2 -4 -7 -6 0 1 0 
58 41 13 1 0 -5 -7 2 2 1 
57 46 15 2 2 -2 -7 0 0 0 
46 39 19 9 3 4 -2 -3 -4 -3 
