28 20 10 13 5 3 5 -3 0 2 
27 20 13 14 12 4 1 4 2 2 
23 23 12 10 11 2 -4 3 2 1 
25 25 10 7 5 2 -1 -1 -1 1 
20 21 10 6 6 2 -1 -2 1 2 
17 23 19 10 12 1 3 3 5 3 
21 21 13 11 12 3 4 3 1 3 
19 13 7 7 1 1 -1 -2 -4 1 
25 25 19 14 1 6 5 6 4 4 
19 28 20 15 4 4 7 8 11 3 
13 25 15 15 5 2 2 -2 3 2 
16 25 18 15 6 5 2 -1 2 2 
23 31 21 13 5 -2 -1 -1 8 7 
24 31 16 14 4 3 -2 0 9 6 
20 31 16 15 9 5 4 6 9 5 
21 31 19 17 11 4 5 5 6 7 
19 20 20 13 11 4 2 10 0 4 
21 19 17 9 9 0 -1 7 0 0 
24 28 13 13 6 0 -2 3 4 1 
27 31 18 18 6 4 7 7 4 4 
27 28 19 13 8 9 5 6 4 8 
16 20 10 6 2 5 1 4 1 1 
15 20 11 6 -1 1 0 3 0 -1 
20 24 18 10 5 1 1 2 4 3 
25 23 17 14 11 4 3 5 5 3 
29 25 16 12 7 2 1 8 6 2 
23 20 18 6 -1 2 -1 1 1 2 
22 18 18 11 3 6 1 1 4 7 
26 23 18 16 9 5 6 5 5 6 
33 29 17 14 16 4 8 11 5 8 
