59 6 23 6 9 1 1 7 0 -3 
57 10 27 6 5 0 -4 5 -2 2 
58 9 28 5 -3 -5 -6 -3 -7 -3 
82 24 40 11 4 -11 -10 -9 -13 -7 
102 53 37 22 7 -9 -8 -6 -12 -10 
104 54 36 27 8 -7 -9 -8 -12 -11 
98 58 31 28 9 -4 -15 -4 -16 -6 
101 58 29 24 10 -7 -13 -2 -24 1 
111 63 25 21 6 -6 -4 -3 -30 2 
111 66 22 18 -5 2 0 -5 -25 -2 
106 62 23 15 -6 4 2 -5 -24 -1 
99 61 24 14 -5 8 -1 -6 -21 -1 
97 60 23 11 -1 8 -3 -7 -16 -2 
98 64 22 10 -2 7 -5 -8 -14 -2 
97 67 24 12 -6 6 -7 -7 -10 -4 
97 66 24 13 -5 5 -8 -7 -8 -5 
99 68 21 15 -4 5 -8 -3 -9 -6 
101 69 17 20 -4 8 -10 -1 -7 -6 
99 69 16 21 0 12 -9 -5 -4 -3 
99 69 15 17 5 12 -8 -5 -4 -2 
96 75 12 17 4 12 -8 -5 -5 1 
94 75 14 16 1 11 -7 -5 -6 4 
92 71 15 14 0 9 -7 -2 -5 4 
91 71 13 13 2 6 -9 1 -6 4 
93 71 14 14 -1 2 -7 0 -4 6 
94 74 9 23 -8 0 -7 -3 3 4 
91 69 12 22 -7 1 -10 1 0 2 
93 63 19 18 -6 1 -8 0 -4 3 
96 63 15 13 -6 4 -5 -2 -3 4 
98 58 10 9 -2 2 -10 -2 0 8 
