51 47 24 6 -2 -6 -5 -4 0 0 
58 51 23 10 0 -5 -7 -6 -1 3 
61 53 23 13 -1 -5 -6 -7 0 -2 
58 57 28 13 -2 -8 -5 -8 0 -4 
53 55 28 13 3 -8 -8 -10 -6 2 
46 50 24 11 7 -6 -8 -9 -6 4 
45 44 22 14 8 -8 -7 -6 -3 3 
49 40 24 14 4 -10 -12 -3 -5 -1 
49 44 23 10 0 -13 -16 -7 -8 -4 
57 50 23 11 0 -8 -11 -10 -8 -3 
61 49 18 7 2 -9 -12 -11 -7 -2 
59 45 16 0 0 -13 -14 -11 -9 -4 
58 45 18 2 -7 -8 -10 -15 -15 -8 
58 46 15 4 -7 -9 -14 -22 -18 -8 
65 50 23 7 -4 -10 -14 -15 -15 -6 
69 51 22 7 -2 -10 -11 -14 -13 -5 
66 50 17 8 0 -8 -11 -15 -10 -4 
55 48 21 9 -5 -10 -12 -15 -9 -5 
47 48 19 2 -9 -12 -12 -19 -14 -8 
52 48 16 1 -6 -13 -16 -16 -9 -4 
57 44 15 1 -2 -11 -12 -8 -7 -3 
57 41 12 0 1 -12 -11 -7 -9 -2 
53 39 7 -4 -6 -18 -20 -16 -11 -6 
61 45 17 1 -8 -9 -14 -15 -6 0 
58 48 23 4 -9 -8 -14 -18 -5 2 
50 50 22 4 -13 -12 -17 -14 -5 -4 
44 40 17 1 -15 -14 -16 -15 -8 -7 
43 37 19 7 -6 -11 -11 -10 -2 -1 
39 33 19 8 2 -9 -10 -5 -1 1 
26 23 18 10 5 -6 -6 -6 -1 0 
