23 17 11 13 10 2 2 1 3 3 
27 23 12 13 10 2 5 1 3 -1 
25 23 10 9 6 4 -2 1 1 4 
23 24 12 14 11 2 -3 -1 2 8 
21 24 13 9 10 4 -3 -3 3 3 
22 26 15 6 7 6 1 1 5 6 
24 28 19 13 8 4 2 3 3 5 
23 30 22 16 3 7 2 3 6 8 
30 33 18 16 3 5 5 2 6 6 
30 33 17 15 7 3 5 2 5 3 
30 28 18 14 5 4 0 -1 5 2 
45 37 20 10 1 -1 -14 -13 -7 -6 
64 51 18 2 -6 -8 -20 -16 -9 -6 
70 55 14 5 -7 -14 -14 -16 -10 -5 
75 56 18 4 -6 -15 -11 -13 -10 -5 
84 54 18 7 -4 -13 -17 -16 -11 -3 
83 54 20 6 -5 -7 -20 -19 -12 -6 
81 59 24 2 -7 -4 -17 -14 -11 -8 
79 60 18 6 -3 -6 -16 -14 -7 -8 
78 56 21 4 -4 -5 -13 -16 -8 -7 
77 57 25 3 -5 -7 -11 -20 -14 -7 
72 57 25 3 -3 -13 -12 -20 -13 -7 
70 53 20 -5 -7 -10 -10 -10 -10 -6 
71 45 17 -2 -11 -11 -12 -6 -11 -6 
67 41 10 -3 -11 -12 -13 -9 -7 -5 
68 46 5 -3 -6 -5 -7 -6 -1 0 
67 49 12 3 -3 -5 -5 -6 -5 -2 
61 53 19 7 0 -7 -9 -13 -12 -11 
62 50 19 3 -12 -13 -9 -15 -15 -12 
60 46 20 6 -15 -16 -13 -10 -9 -8 
