32 25 3 6 6 2 -6 -2 0 2 
20 22 6 7 7 6 0 3 3 4 
21 26 9 8 6 4 -1 0 1 4 
23 23 9 11 5 3 -3 -4 0 2 
18 25 7 12 8 5 -2 -1 1 4 
23 25 9 12 8 5 -2 -2 -1 2 
27 23 16 13 7 5 -2 -4 -1 -3 
21 26 13 9 5 2 -3 -2 2 5 
27 33 16 18 13 6 0 -1 3 3 
41 37 19 12 6 3 -4 -3 2 -1 
56 40 19 5 -3 -4 -7 -3 0 2 
62 47 17 8 -4 -6 -7 -2 1 1 
55 54 24 7 -4 -3 -7 -4 4 0 
56 52 29 7 -4 -3 -4 -4 -2 0 
58 51 23 10 1 -5 -6 -4 -3 1 
58 54 20 11 4 -4 -6 -5 -2 0 
61 51 22 8 0 -3 -6 -6 -2 -1 
60 49 22 8 2 -1 -11 -4 -2 -1 
58 52 23 10 3 -1 -12 -5 0 1 
56 48 17 10 2 0 -3 -6 -5 -3 
52 42 13 9 3 -2 -2 -7 -8 -3 
48 43 22 8 1 -4 -7 -8 -5 -2 
48 45 25 13 4 -2 -6 -5 -2 0 
47 44 22 15 6 0 -3 -6 -4 0 
44 42 22 6 3 1 -4 -8 -5 -3 
42 37 23 6 3 -3 -4 -4 0 2 
40 33 17 7 4 -2 -3 -4 0 1 
30 31 13 13 3 3 -5 -4 -5 -5 
25 31 18 16 1 3 -1 0 -2 -1 
26 23 14 9 9 6 7 2 1 4 
