23 27 18 14 12 -3 1 -2 3 5 
31 26 19 12 8 0 -4 -8 -2 -1 
34 24 19 17 10 1 -3 -4 1 -3 
28 25 15 18 12 4 1 2 5 -2 
24 23 11 10 7 4 3 0 -2 0 
22 21 14 7 6 3 3 0 -1 1 
20 26 21 15 7 2 -5 -1 1 -2 
22 26 20 18 9 4 0 2 2 -3 
35 28 14 11 8 6 5 2 4 1 
30 29 9 7 8 7 2 4 4 3 
20 24 2 4 5 3 -4 1 1 0 
24 23 10 8 2 3 -1 0 4 0 
18 20 12 10 3 2 0 -1 2 0 
23 22 12 15 7 4 3 1 5 3 
112 47 10 14 6 -5 -11 -4 -2 -1 
105 47 14 12 5 -3 -11 -5 -1 -1 
43 44 28 20 8 0 -7 -9 -3 -1 
32 32 16 15 14 5 -1 0 -2 -3 
31 32 17 10 14 7 -1 5 2 -3 
22 34 21 10 7 5 2 3 0 0 
23 24 16 17 10 3 0 -1 -1 3 
26 25 12 18 9 1 3 -2 3 6 
31 38 12 8 3 4 8 3 1 2 
34 31 17 14 8 7 8 8 5 3 
31 29 15 17 9 7 8 5 6 4 
28 26 8 9 4 5 5 1 3 1 
32 24 17 6 4 2 -4 -6 -4 -6 
32 27 19 15 9 4 0 -3 -2 -4 
24 24 22 14 9 3 4 2 0 0 
19 31 25 14 10 5 5 4 -1 2 
