30 26 16 11 -4 -8 -13 -14 -5 1 
30 21 11 4 -9 -7 -14 -15 -8 -5 
27 23 16 2 -5 -7 -14 -15 -12 -6 
34 30 27 10 0 -5 -9 -10 -9 1 
36 31 23 15 1 -11 -7 -6 -4 -2 
35 31 16 12 4 -8 -9 -5 -1 -2 
38 36 20 14 6 -4 -6 -8 -3 4 
38 36 21 15 2 -4 -5 -9 -5 3 
36 30 15 5 -7 -6 -8 -11 -6 -1 
34 27 16 4 -10 -6 -8 -13 -6 -4 
37 35 23 11 -2 -2 -3 -10 -3 -2 
40 34 25 14 3 -1 -3 -6 1 1 
41 30 24 14 1 -1 -4 -5 1 0 
42 32 23 14 3 3 -4 -5 1 3 
42 35 23 14 8 6 -6 -5 0 7 
38 34 27 18 5 -1 -8 -4 -1 5 
36 30 25 17 -1 -6 -9 -7 -4 1 
38 31 22 14 -2 -7 -8 -7 -3 -1 
39 32 20 9 0 -6 -7 -6 -5 -3 
40 34 23 11 9 -1 -4 -6 -1 2 
37 37 27 11 6 2 -6 -4 5 3 
34 38 28 9 2 -3 -8 -3 2 3 
29 32 19 7 -3 -9 -11 -9 -6 0 
30 34 20 8 -6 -8 -8 -9 -5 -3 
36 35 25 15 1 -5 -7 -6 0 -1 
38 33 23 16 4 -3 -6 -9 -3 -2 
35 33 24 15 1 -4 -8 -11 -5 -1 
34 31 22 17 1 -6 -11 -8 -6 1 
29 27 18 11 0 -8 -12 -12 -9 -3 
26 28 14 2 -9 -11 -11 -11 -7 -5 
