31 27 17 14 14 12 5 5 4 1 
25 29 17 14 15 11 6 5 9 1 
22 26 13 13 7 6 1 -2 5 -2 
24 24 17 14 8 8 0 -1 3 -1 
31 21 16 11 5 6 3 1 1 0 
30 18 14 10 6 2 4 3 1 1 
20 21 18 14 11 2 3 3 2 2 
26 26 20 17 10 1 2 -1 -4 1 
23 20 14 12 5 2 -1 -3 -5 -3 
15 21 12 10 7 3 2 -2 -2 -2 
31 25 12 11 10 3 2 0 -2 -2 
35 22 16 13 9 7 3 2 -1 -3 
28 25 17 13 6 7 8 4 4 0 
26 32 13 7 8 11 -2 3 2 0 
32 26 13 16 19 14 -2 3 3 -2 
35 28 15 20 20 11 3 4 5 3 
30 35 19 18 8 6 10 7 3 2 
28 31 13 13 7 5 5 1 -1 -2 
18 36 15 15 13 11 2 0 1 0 
16 36 18 19 14 12 8 7 6 1 
20 27 17 19 13 9 7 5 6 4 
19 16 14 17 12 11 6 3 2 2 
23 20 13 15 10 9 6 5 4 5 
19 25 13 14 11 7 5 3 2 5 
19 24 14 14 11 7 3 3 1 2 
22 24 17 14 10 4 0 1 6 7 
24 20 16 9 11 7 4 -1 5 3 
23 21 14 6 6 10 5 -1 3 -3 
19 29 15 10 13 11 8 2 5 -1 
22 33 15 12 19 3 5 3 7 2 
