20 28 14 12 13 -1 5 4 2 5 
20 23 10 9 7 -1 5 3 -1 4 
21 25 15 5 5 -1 3 2 2 3 
13 22 13 6 4 0 0 -1 2 3 
17 20 14 13 0 6 5 3 3 6 
23 28 15 18 -2 12 17 9 8 8 
23 27 10 12 16 13 14 8 8 5 
20 20 14 10 14 9 7 4 4 2 
21 20 20 16 13 11 4 3 3 2 
23 24 19 17 15 15 8 5 4 5 
34 27 16 19 14 8 3 3 4 6 
35 24 14 16 14 6 0 2 3 3 
20 24 18 2 7 8 5 6 -2 5 
21 24 16 6 10 9 7 7 0 3 
24 25 19 20 21 16 10 7 5 4 
27 26 19 21 18 15 8 7 8 7 
54 26 3 7 8 6 5 -1 -6 -3 
48 29 3 8 11 4 6 -1 -5 -5 
21 29 17 16 10 5 6 2 6 0 
16 21 15 5 -1 3 2 0 3 2 
14 19 15 5 5 6 1 2 -1 1 
10 19 12 6 11 11 2 5 -1 -1 
19 27 18 7 9 7 3 6 5 4 
27 31 22 12 11 2 2 3 4 5 
22 26 15 15 12 7 3 2 2 3 
21 24 11 10 6 4 0 -1 2 3 
30 26 8 6 1 0 -2 -2 1 2 
28 25 7 10 4 6 7 10 5 1 
29 24 11 11 6 8 4 9 5 2 
28 27 17 16 8 7 -5 -1 1 2 
