21 21 11 15 4 3 5 6 4 0 
21 25 12 8 3 8 6 3 -1 3 
20 26 14 10 4 4 5 -1 0 1 
19 22 13 11 4 -1 5 0 -3 -2 
15 16 20 10 1 1 3 4 0 -1 
14 24 13 6 -5 5 -1 -2 -1 -2 
16 25 6 9 2 0 3 3 -1 2 
16 20 9 10 3 1 1 5 1 5 
15 22 17 10 7 5 -2 4 3 5 
14 25 21 13 12 14 1 4 7 6 
28 25 18 13 1 8 1 2 3 6 
24 24 13 10 2 1 3 2 2 4 
25 17 5 9 8 5 1 -2 2 0 
32 17 6 4 7 3 0 -4 3 2 
30 27 20 5 9 3 6 7 8 6 
28 36 24 12 9 6 3 8 5 5 
29 31 15 11 5 6 6 9 5 5 
24 26 9 13 5 7 7 9 6 5 
18 27 11 20 11 11 8 8 6 7 
19 27 16 14 12 7 8 4 4 5 
22 21 16 16 12 5 9 7 7 3 
18 22 14 13 8 2 6 7 6 3 
14 31 14 12 9 6 3 4 3 2 
18 33 15 12 10 5 0 3 4 1 
29 24 18 14 11 0 5 7 6 5 
29 24 17 14 7 7 7 5 4 6 
23 24 12 10 7 6 3 1 2 3 
23 20 5 9 6 0 -2 3 0 0 
47 33 15 10 8 7 -3 -1 -2 -2 
46 34 15 12 8 9 -1 -2 0 -2 
