23 22 17 6 0 -1 3 4 7 5 
15 20 14 4 -3 -2 0 2 3 0 
37 31 10 10 9 5 -2 -1 -6 -5 
38 28 8 11 9 5 -4 0 -3 -5 
19 18 12 14 2 4 -2 2 1 1 
27 24 13 13 2 8 -1 3 1 4 
35 30 8 10 12 8 3 3 4 1 
32 30 12 15 8 5 8 -1 1 2 
26 32 15 10 6 2 3 -2 2 3 
30 32 18 11 13 4 7 7 7 8 
33 30 17 17 10 4 3 9 7 10 
28 32 12 15 7 3 -1 6 5 5 
23 24 4 8 12 8 3 5 2 1 
28 20 6 11 17 7 3 2 3 3 
30 20 16 20 17 6 1 7 7 5 
35 24 23 22 15 5 1 6 4 7 
36 29 15 18 13 2 4 3 5 8 
29 25 8 14 9 7 5 3 7 6 
32 24 13 15 8 10 2 4 5 6 
30 24 16 11 7 7 6 4 5 4 
24 19 19 18 10 6 7 2 10 6 
55 14 -2 9 11 5 -5 -2 7 6 
50 16 -4 6 12 3 -7 0 4 4 
26 28 23 12 6 3 5 6 5 6 
34 25 19 9 2 9 3 6 8 7 
20 27 15 7 3 9 4 7 7 6 
30 27 7 7 7 5 2 3 3 6 
25 21 6 9 5 1 -1 -1 2 2 
20 23 15 14 5 3 1 4 6 2 
25 26 18 10 6 11 4 7 6 6 
