22 23 10 6 5 6 -1 2 -1 1 
29 32 16 16 12 6 1 6 1 0 
31 29 18 9 11 6 2 3 4 7 
24 22 16 9 8 9 3 4 6 8 
21 19 17 14 11 8 4 4 4 3 
32 23 15 11 12 4 2 2 2 1 
32 25 14 11 10 7 -1 -2 3 2 
19 23 12 11 9 2 -4 -3 6 4 
20 25 8 9 9 1 -1 -1 5 4 
18 26 13 10 6 5 6 1 1 5 
21 27 14 7 5 5 7 3 4 9 
35 29 14 5 5 5 1 1 2 6 
34 23 15 9 5 3 1 0 4 5 
27 18 12 11 4 4 7 -1 5 7 
49 44 24 18 10 6 4 -3 0 1 
47 45 28 19 9 5 0 -2 1 -2 
29 29 21 16 5 2 -3 -1 0 -2 
23 24 13 10 6 1 5 6 2 3 
19 23 12 12 8 3 6 4 1 4 
12 23 16 16 10 8 0 -5 2 4 
24 23 14 10 5 10 0 -1 5 2 
30 21 13 12 9 2 9 6 2 5 
25 25 16 16 14 5 12 6 5 7 
29 29 14 15 16 10 5 3 12 5 
19 23 11 17 13 9 6 3 5 7 
17 25 15 15 10 7 2 0 3 7 
26 27 16 11 10 7 0 2 8 7 
29 27 16 12 13 12 5 6 8 9 
23 25 19 15 7 11 9 7 6 9 
18 21 17 11 2 -1 4 4 4 1 
