73 27 7 26 25 19 10 6 10 -3 
78 11 -9 16 27 25 12 7 9 -1 
83 19 -4 19 31 31 15 8 9 -2 
77 37 15 23 19 22 15 12 8 -2 
72 35 19 25 16 15 11 10 8 2 
66 32 15 17 11 13 11 7 11 0 
63 28 14 16 14 12 9 6 12 4 
59 27 14 22 18 14 7 7 9 3 
54 19 3 15 18 13 2 7 5 0 
62 25 4 13 15 11 4 8 7 3 
73 34 14 20 17 14 9 7 9 4 
77 35 19 21 20 15 4 5 9 5 
82 27 7 18 23 21 7 6 5 -1 
79 18 -2 18 20 18 6 6 10 -1 
66 16 -5 14 16 11 4 1 14 1 
53 33 6 16 19 16 14 6 9 0 
46 36 16 15 18 18 12 9 8 8 
46 34 20 15 17 16 12 11 10 12 
51 36 20 18 11 9 12 13 11 9 
51 29 16 14 8 5 6 9 7 4 
41 26 8 12 10 4 3 4 6 1 
42 31 8 6 3 2 -3 2 6 -1 
47 30 13 5 1 3 -2 2 5 -4 
46 28 11 9 10 8 5 3 6 -3 
50 27 2 10 11 13 8 6 6 -1 
50 24 4 13 10 14 6 5 6 4 
40 24 7 11 7 9 3 2 9 10 
36 24 6 9 5 11 3 -3 5 7 
34 26 16 16 11 13 0 -5 1 4 
32 32 21 19 10 8 -1 -5 1 1 
