24 29 16 16 8 3 3 6 4 3 
30 33 10 8 5 7 7 5 7 3 
29 23 14 11 9 3 5 6 3 4 
23 21 13 13 11 0 1 4 0 2 
29 32 19 13 12 7 1 5 1 0 
26 28 22 20 13 4 -2 3 -1 1 
19 25 19 22 8 1 -2 1 1 2 
21 27 17 15 4 5 5 2 -1 2 
23 19 13 11 6 1 1 -7 -7 1 
28 24 19 19 12 9 8 0 4 7 
28 25 18 19 11 11 11 5 6 6 
25 26 19 15 6 7 2 3 1 0 
25 34 21 16 7 1 -1 2 2 0 
26 31 22 17 6 5 5 2 2 0 
26 30 21 19 8 11 8 1 5 4 
28 29 18 23 12 8 7 5 7 7 
33 28 17 19 8 5 4 8 4 5 
32 26 18 12 2 0 0 3 3 4 
30 27 18 15 4 2 3 -1 2 3 
27 31 17 20 10 5 10 1 2 4 
24 28 15 13 11 8 8 1 6 6 
28 27 13 11 10 8 5 -2 3 3 
29 20 9 13 8 3 -2 -5 1 2 
27 16 6 6 7 0 -6 -6 -3 -1 
25 23 9 6 5 2 -1 -5 -4 -2 
21 28 16 8 3 4 -2 -5 -3 -1 
25 28 21 8 7 10 -1 -1 2 3 
29 29 21 10 11 12 0 0 5 5 
32 30 16 16 12 8 -6 -4 1 1 
28 23 10 13 8 3 -8 -3 1 0 
