72 14 36 14 9 4 -4 4 -2 -3 
71 13 34 15 12 3 -2 2 -1 -2 
66 11 38 16 14 4 1 2 -2 -4 
69 13 38 10 8 1 1 2 -2 -1 
71 13 32 12 13 4 -1 0 1 3 
67 8 27 17 20 8 2 1 3 2 
59 -3 29 15 11 3 -2 -5 -2 0 
68 -4 34 12 7 -6 -5 -1 1 3 
68 -3 37 6 12 -3 -8 5 -4 2 
68 3 43 -2 14 2 -10 4 -7 1 
67 7 40 -8 15 2 -12 5 -6 -2 
55 2 45 1 13 5 -7 6 -7 -1 
103 48 34 -1 -2 -5 -12 1 1 3 
124 61 36 -8 3 -5 -11 6 -3 2 
116 58 31 -5 5 0 -7 2 -12 -1 
110 51 27 -6 11 8 -7 -3 -20 -5 
115 52 23 -10 12 9 -12 4 -23 -3 
107 52 23 -7 17 0 -17 5 -15 0 
96 46 26 -6 15 -1 -16 -2 -9 3 
92 46 34 -7 10 6 -17 -5 -6 2 
96 45 40 -8 8 8 -16 -7 -9 6 
96 40 39 -3 10 3 -12 -6 -11 5 
93 42 40 -3 8 5 -11 -5 -11 1 
96 51 39 -5 5 8 -12 -4 -11 1 
93 54 35 -3 10 3 -15 -2 -12 0 
89 53 35 -5 14 3 -18 1 -14 -2 
92 59 34 -8 13 2 -19 2 -14 -1 
92 54 31 -2 9 1 -18 -3 -12 -1 
92 48 32 4 7 3 -16 -5 -11 -4 
96 47 38 4 7 2 -16 -5 -11 -2 
