36 35 23 16 3 5 -8 -11 -2 1 
32 35 30 17 0 0 -8 -8 -1 1 
36 30 22 12 4 0 -8 -5 -2 2 
38 29 19 11 4 0 -5 -6 -2 2 
33 34 19 12 -3 -5 -4 -6 -4 0 
30 31 22 13 -2 -5 -7 -5 -7 0 
29 32 24 12 -2 -8 -8 -4 -3 3 
33 39 29 15 0 -5 -8 -2 4 2 
37 37 27 17 3 1 -12 -7 0 -1 
39 34 19 9 3 -1 -10 -6 -3 -3 
40 34 19 7 5 -4 -9 -6 -3 -2 
38 38 22 11 7 -5 -6 -4 0 3 
40 35 21 12 10 0 -8 -5 -3 3 
43 32 20 10 6 -2 -10 -7 -2 3 
42 33 20 7 5 -5 -10 -7 -1 2 
45 35 19 8 9 3 -5 -5 -1 4 
45 37 20 9 6 5 -3 -3 -4 4 
40 32 19 12 6 -1 -9 -7 -3 2 
36 28 19 15 4 -1 -10 -8 -3 1 
39 28 17 10 2 1 -9 -7 -6 1 
41 32 20 10 5 0 -8 -5 -3 1 
44 38 25 13 6 -2 -6 -2 1 1 
47 40 24 14 6 -3 -2 -5 0 4 
41 41 23 17 2 0 0 -7 0 2 
35 31 14 13 5 0 -8 -10 -1 -1 
34 29 12 6 6 -5 -11 -12 -3 -3 
37 35 21 7 6 -3 -4 -8 -4 -1 
40 38 25 13 6 -1 -1 -5 -2 3 
41 34 24 11 8 6 -2 -5 2 4 
41 30 21 12 3 7 -7 -3 3 3 
