36 30 20 11 -1 -6 -4 -5 1 0 
40 28 15 8 4 -1 -8 -5 0 2 
41 32 16 7 1 -3 -9 -9 0 0 
48 38 16 1 -2 4 0 -7 2 1 
45 33 12 4 6 4 1 0 0 1 
37 29 18 13 7 -3 -4 -1 -7 0 
40 29 17 13 4 -1 -3 -4 -9 -1 
34 28 16 12 7 -2 -5 -7 -6 0 
35 32 26 17 6 -3 -7 -6 -4 1 
38 33 25 20 3 2 -4 -3 -5 -3 
41 33 16 17 5 -1 -6 -7 -4 -3 
52 46 24 16 8 -3 -7 -8 -4 -6 
59 53 28 14 4 -2 -7 -7 -2 -5 
64 55 28 11 2 1 -2 -7 -2 -4 
69 56 27 14 2 1 -8 -9 -4 -1 
67 54 29 21 3 0 -12 -12 -3 0 
58 51 32 19 6 1 -5 -8 -2 -4 
54 47 26 11 0 -1 0 -2 0 -1 
50 47 24 10 1 1 2 1 2 2 
53 49 29 12 2 2 -4 -2 2 -1 
52 42 24 10 2 1 -6 -2 0 -4 
40 35 21 12 11 0 -5 -4 0 -1 
46 43 23 13 9 2 -4 -5 1 -1 
52 48 24 12 2 -3 -5 -5 1 -3 
53 46 21 11 5 -4 -7 -4 -2 -1 
49 44 16 8 4 -3 -3 -2 -2 -2 
49 50 20 9 7 -1 -1 -5 -3 -4 
50 47 25 13 10 5 -2 -5 -2 -5 
47 41 25 12 5 8 0 -3 0 -6 
46 41 22 12 3 10 -3 -6 -4 -8 
