30 27 16 9 8 -1 -5 -7 -5 3 
30 33 19 10 7 5 0 -4 -2 5 
30 33 23 13 13 11 1 -3 0 5 
32 31 23 17 15 8 -1 -4 -1 1 
38 30 20 14 9 3 -3 -5 -1 1 
42 32 20 16 7 -1 -3 -2 -1 5 
36 34 21 12 3 -1 -5 -2 -1 1 
43 39 24 7 1 0 -8 -3 -2 -2 
44 40 23 10 4 -3 -7 -3 -3 -3 
41 40 20 10 5 -4 -5 -8 -7 -4 
47 45 25 13 6 -1 -6 -8 -7 -9 
53 49 28 16 6 -1 -5 -6 -4 -6 
59 47 25 14 6 2 -3 -4 -3 -2 
66 52 25 16 4 -1 -4 -5 -3 -2 
65 52 23 16 8 -4 -3 -7 -2 -2 
66 47 23 15 10 2 2 -5 -3 -2 
69 50 26 11 3 5 -2 -3 -3 -1 
65 53 24 11 3 2 -4 1 -2 -5 
59 55 23 15 6 3 -1 0 -4 -10 
55 51 29 20 9 5 -4 -5 -3 -7 
57 51 28 20 7 4 -4 -5 -3 -5 
59 48 19 8 3 0 -8 -5 -4 -4 
55 44 21 5 5 -1 -7 -6 -4 -4 
52 45 31 17 15 3 -5 -6 -5 -3 
56 46 35 19 11 0 -6 -7 -4 0 
52 49 31 22 11 -2 -6 -7 -3 -1 
46 44 25 25 15 -2 -5 -3 -3 -3 
42 28 15 14 7 0 0 -2 -5 -2 
40 27 16 8 6 8 3 -2 -2 -1 
37 26 20 17 14 12 4 2 8 1 
