26 31 16 9 6 5 -1 -1 5 -1 
33 28 17 10 8 6 -2 -2 2 1 
37 25 13 15 8 3 -1 1 -2 -3 
43 -7 -4 28 21 4 -8 1 1 -3 
41 -5 -5 28 21 4 -8 -3 2 -4 
34 19 3 19 15 3 -7 -9 0 -2 
29 32 15 14 6 4 -1 -6 -1 -1 
32 34 13 15 6 4 2 -3 1 0 
34 33 19 17 7 2 1 1 5 1 
39 30 25 19 12 3 0 -1 4 1 
35 31 20 20 11 4 -3 -1 1 1 
28 29 19 19 10 5 -3 -2 -1 -1 
30 30 18 14 12 5 -2 -5 -3 -1 
39 -23 -13 28 22 6 -7 2 6 -6 
41 -19 -8 30 26 8 -4 3 7 -4 
35 30 23 18 12 3 0 3 4 5 
38 29 17 13 4 5 2 -2 2 4 
37 28 11 9 4 2 2 -7 1 1 
35 29 9 12 6 2 2 -4 1 0 
32 30 20 20 11 7 5 -3 -1 0 
34 28 19 20 13 4 3 -2 0 2 
34 20 13 17 11 3 2 1 1 0 
41 -4 -2 21 20 2 -4 1 3 -3 
42 4 -1 25 23 5 -4 1 6 -1 
36 34 16 15 8 6 4 4 3 -2 
30 29 16 13 5 4 2 3 0 -5 
24 23 15 12 5 2 -2 -3 -5 -5 
35 27 15 11 9 8 -1 -4 -6 -4 
44 31 14 11 8 3 -5 -1 2 -4 
38 34 20 14 6 -3 -4 0 4 0 
