102 -5 -28 -25 10 -16 -16 -3 -7 -1 
99 -8 -27 -27 11 -15 -12 2 -6 3 
96 -6 -27 -21 13 -11 -12 1 -4 1 
92 -10 -31 -17 11 -13 -12 1 -6 3 
89 -17 -32 -23 6 -15 -13 0 -10 1 
94 -12 -28 -24 8 -12 -14 0 -10 0 
97 -5 -23 -26 5 -14 -16 -2 -12 -2 
106 0 -25 -27 0 -15 -21 -8 -13 -5 
113 9 -22 -19 6 -11 -17 -6 -8 -4 
106 9 -21 -16 15 -12 -14 -1 -9 -3 
96 6 -21 -15 17 -10 -11 7 -9 -1 
86 6 -22 -18 16 -10 -9 11 -8 2 
86 16 -18 -22 6 -16 -11 -2 -14 -2 
93 17 -21 -22 1 -19 -11 -5 -14 0 
112 27 -17 -23 8 -14 -13 -7 -17 -1 
117 25 -15 -23 9 -13 -18 -10 -10 1 
113 18 -15 -22 6 -12 -17 -7 -11 3 
97 16 -23 -28 8 -8 -9 -2 -18 7 
89 30 -31 -27 13 -6 -5 -4 -18 2 
85 31 -28 -26 11 -3 -4 -7 -16 7 
83 16 -25 -20 17 -3 3 -2 -13 4 
78 13 -25 -17 11 3 3 -2 -8 -1 
61 30 1 -9 1 -4 -2 -1 -2 5 
50 32 15 2 5 -10 -9 -4 -2 1 
48 28 14 4 4 -8 -7 -5 0 0 
36 11 9 5 6 2 1 -2 1 -1 
104 36 12 -2 6 1 -2 -9 -1 -2 
107 36 7 -4 14 -1 -4 -8 -2 0 
101 21 -6 1 20 -4 -4 -2 0 4 
108 17 -12 1 20 -3 -4 -4 1 4 
