61 5 28 5 9 -4 -5 -3 -5 4 
70 3 23 7 10 -5 -5 0 -2 1 
74 5 28 7 9 -6 -6 1 0 0 
71 6 22 4 8 0 -8 -1 0 2 
68 3 30 2 8 4 -7 0 1 5 
67 1 39 -2 9 4 -5 2 3 4 
65 1 43 -1 5 1 -5 1 -7 -3 
64 5 41 2 8 -3 -5 -1 -13 -3 
65 9 37 4 7 -1 -3 0 -8 1 
70 15 40 7 3 -1 -6 -1 -7 -1 
97 47 30 13 6 -2 -7 -4 -4 -1 
125 56 32 4 2 -2 -7 -4 -9 -1 
127 51 43 -4 4 0 -13 0 -8 0 
114 57 39 1 5 -3 -13 -1 -6 -1 
111 57 41 -1 10 -2 -16 -2 -10 -1 
116 50 44 -7 15 3 -25 2 -11 1 
114 44 39 -7 7 10 -21 0 -7 -1 
106 45 30 -5 6 9 -14 -5 -6 0 
103 49 25 -4 11 1 -15 -3 -9 2 
108 50 29 -9 16 2 -18 -2 -6 6 
102 47 31 -9 17 4 -19 0 -8 3 
97 49 31 -6 14 3 -12 1 -10 0 
102 52 26 -5 14 1 -9 -1 -9 2 
100 50 28 -7 11 4 -9 2 -9 2 
97 53 27 -2 7 7 -8 3 -11 0 
103 52 22 2 7 12 -11 1 -8 2 
105 51 24 1 8 17 -12 0 -4 1 
101 55 28 -2 13 11 -14 0 -6 3 
102 53 27 -2 13 1 -15 -2 -13 3 
102 53 24 3 8 -3 -12 -1 -11 1 
