32 28 14 10 10 4 1 0 4 0 
33 31 19 15 13 6 -1 -2 0 -3 
33 36 18 17 12 8 -3 -3 -2 -2 
33 29 15 16 8 6 -4 -2 -3 -6 
34 29 15 14 6 -1 -4 -4 -4 -5 
36 33 16 10 6 -1 -3 -4 -3 -6 
37 32 15 9 4 2 -2 0 -1 -3 
33 33 14 8 2 2 -4 -2 -2 -1 
28 32 20 9 0 -3 -11 -9 -7 -2 
50 48 27 13 3 -3 -6 -4 -4 -3 
71 55 21 7 4 3 -3 -4 -4 -6 
76 58 22 8 4 3 -5 -4 -5 -6 
72 61 26 18 8 2 -3 -5 -9 -9 
76 58 26 13 3 5 -1 -7 -7 -5 
79 58 26 11 -1 2 -3 -5 -7 -3 
76 56 23 12 4 2 0 -3 -10 -5 
70 53 23 15 10 7 3 -6 -13 -9 
66 49 19 13 5 5 3 -6 -7 -10 
64 47 18 9 0 2 0 -6 -5 -8 
62 57 28 12 1 -1 -6 -6 -2 -3 
63 59 27 12 2 -2 -6 -3 0 -2 
63 51 21 9 2 1 -6 -5 -3 -1 
51 42 15 7 6 0 -5 -7 -8 0 
56 49 19 9 6 3 4 -2 -6 -5 
59 46 20 8 0 5 5 -2 -2 -8 
51 36 16 9 4 2 0 0 -1 -6 
47 42 23 17 12 2 1 0 0 -5 
40 44 28 20 10 8 4 -3 -3 -4 
36 38 24 20 5 7 3 -4 -5 -1 
36 35 23 20 7 3 3 -1 -1 1 
