63 9 28 9 6 -2 -2 0 1 2 
64 1 28 4 5 -5 -6 0 6 6 
66 -3 28 6 10 2 -6 -4 3 3 
66 -2 26 6 5 -4 -9 -7 0 5 
63 3 28 -1 10 -5 -11 -1 -5 3 
59 3 31 -1 13 -3 -12 -1 -11 -5 
59 4 38 -1 6 -8 -11 0 -10 2 
58 5 42 -8 5 -5 -9 3 -8 2 
59 1 42 -14 3 -5 -14 4 -6 2 
92 17 56 0 15 4 -16 -6 -11 -4 
117 41 45 1 6 4 -13 -6 -3 5 
127 43 36 -4 3 5 -10 -3 -4 2 
118 50 32 -2 2 2 -10 -4 -5 -4 
109 50 36 -1 1 2 -14 -3 -4 -3 
113 43 30 0 4 7 -21 -4 -5 1 
115 44 23 1 5 11 -23 -2 -10 0 
108 48 18 3 8 6 -20 0 -9 -2 
107 48 19 3 5 9 -20 -2 -3 -1 
112 53 25 1 -1 11 -13 -4 -1 -1 
111 58 30 0 -1 -1 -8 1 -1 1 
111 60 41 -2 -2 -9 -13 5 1 2 
117 59 50 -2 5 -13 -21 0 -3 7 
107 59 42 1 2 -8 -13 -2 -6 1 
106 58 39 3 1 -2 -7 1 -4 -3 
110 54 45 2 5 9 -5 0 -7 -2 
111 47 47 4 9 13 -5 1 -9 -1 
106 49 38 11 12 10 -3 4 -5 -3 
96 47 44 17 18 11 -2 1 -4 -2 
90 45 46 17 15 9 0 2 -1 -1 
81 28 34 13 12 7 -3 5 0 -3 
