64 37 10 5 -1 -3 7 6 2 -4 
61 43 15 8 4 -2 2 5 -1 -5 
72 45 11 0 3 4 -1 3 -1 -4 
71 43 12 -3 0 3 2 4 -3 -4 
71 46 9 -1 -4 0 1 6 1 -1 
74 48 10 -3 -8 -4 -3 4 3 0 
78 45 12 -4 -8 -5 2 3 0 -3 
79 45 8 -4 -3 -4 6 5 2 -5 
77 51 13 -2 0 -4 2 1 4 -1 
74 41 14 5 -1 -1 -4 -5 -1 -3 
77 38 14 5 0 4 -2 -2 -1 -5 
77 48 18 5 1 3 3 0 -1 -4 
72 51 21 8 0 -1 2 0 0 -1 
75 49 14 2 -3 1 4 5 4 -1 
80 54 12 0 -4 1 4 1 2 -4 
82 54 18 8 -1 -3 6 1 1 -4 
81 51 18 12 0 -3 5 1 2 1 
79 51 18 7 0 -2 1 -1 1 -1 
80 52 17 3 -1 0 2 5 2 -6 
81 53 16 3 -2 1 4 5 2 -7 
80 52 22 8 0 -2 4 3 -1 -5 
76 51 23 13 1 -2 1 5 -3 -3 
69 53 26 13 2 -2 -1 -1 -4 -3 
69 53 29 9 -1 2 -1 -6 -4 -5 
74 49 26 5 -6 -1 -4 -3 -3 -4 
76 51 22 3 -4 -5 1 4 2 -2 
72 51 16 6 -1 -1 6 7 2 -2 
70 50 15 12 -2 -2 2 0 0 -2 
70 51 20 10 1 -2 -3 -3 -3 -3 
68 53 21 6 5 2 0 -2 -7 -5 
