32 24 16 7 9 -2 -7 0 -3 -7 
33 23 14 8 6 -2 -2 -3 -4 -3 
29 28 16 11 4 -3 -4 -6 -4 -2 
29 29 11 6 1 4 -1 -6 -5 -2 
32 18 13 11 2 7 3 -4 -6 -2 
34 20 19 17 4 4 2 -10 -10 -7 
40 28 21 15 5 5 1 -3 0 -2 
35 31 20 8 10 2 1 5 6 4 
31 33 14 4 10 3 -1 4 3 3 
35 33 12 4 8 5 -5 -2 -1 -1 
39 33 20 14 6 1 0 -2 -5 -3 
39 34 23 15 5 1 1 1 -1 -1 
43 39 21 13 7 0 -2 0 -4 -2 
47 37 17 15 10 2 0 1 -5 -2 
47 34 13 15 13 4 2 0 0 0 
47 37 22 20 15 7 1 4 3 2 
44 36 24 20 10 7 7 4 3 2 
40 30 20 14 8 6 7 0 1 4 
38 27 19 14 7 3 1 -4 -4 -1 
38 32 14 14 5 -1 -2 -3 -3 -4 
42 34 11 15 11 0 -2 0 -1 2 
40 32 15 15 10 1 -1 0 1 1 
32 35 21 13 4 0 2 2 1 -4 
30 31 17 9 6 4 1 6 4 -5 
35 31 17 8 6 4 -1 -1 2 -5 
35 31 21 6 5 5 -2 -3 -2 -2 
40 28 18 5 8 7 -4 -1 0 1 
44 31 16 13 9 5 -4 -1 3 2 
37 32 15 18 7 3 -1 -2 0 -2 
27 24 8 14 6 0 -3 -6 -8 -8 
