72 44 9 2 0 2 4 3 -1 -3 
70 44 10 2 -2 3 5 5 3 0 
73 45 15 3 1 4 4 2 1 0 
78 47 12 5 1 0 4 3 0 -1 
80 48 7 5 -1 -2 3 1 0 1 
79 49 9 4 1 1 3 -1 1 -1 
71 47 17 5 4 7 1 0 1 -2 
72 47 22 5 4 7 -2 -2 -3 -3 
74 52 23 6 2 4 1 -3 -2 -6 
73 51 22 8 2 0 3 -3 1 -4 
74 52 19 7 1 -1 0 -1 -2 -5 
72 54 16 6 1 0 -2 -2 -3 -5 
73 49 15 4 3 1 -1 -2 -1 -3 
78 47 19 6 2 -3 1 2 -2 -5 
78 52 22 8 3 -4 0 1 -1 -7 
76 53 20 9 3 -1 -2 -1 2 -4 
74 47 25 12 -3 -2 0 1 -1 -4 
74 44 24 7 -3 0 1 0 -3 -7 
69 46 17 4 0 -1 -1 -3 -1 -6 
64 46 13 6 1 0 -5 -1 0 -4 
65 46 17 6 0 3 -2 -1 2 -2 
67 51 24 8 0 0 0 -1 0 -4 
69 50 24 14 1 -1 0 -1 -2 -7 
69 47 24 15 3 -2 1 -1 -2 -6 
66 51 27 11 6 0 1 -1 -3 -8 
63 52 26 11 4 2 2 -3 -2 -8 
60 49 24 12 2 -2 2 1 -1 -4 
57 42 24 15 3 0 -3 5 -1 0 
52 39 23 17 7 1 -3 1 -1 2 
48 38 25 14 11 6 3 4 0 0 
