79 51 14 -1 -6 -4 2 4 -2 -4 
73 45 11 1 -1 -5 -4 1 1 -4 
76 47 13 11 5 -6 -3 2 1 -6 
78 52 16 10 3 -9 -3 5 0 -2 
72 50 20 8 -4 -6 -4 3 2 2 
69 46 17 7 -5 -7 -3 -3 6 1 
73 48 18 5 -1 -4 -2 -2 5 1 
72 46 21 8 -3 -1 4 1 6 2 
71 44 19 9 -6 -4 4 1 6 0 
73 46 13 6 -3 -5 3 4 2 -2 
74 50 17 10 -1 -2 3 3 -1 -3 
71 48 24 12 -1 1 2 0 -4 -3 
69 49 23 7 1 4 0 -4 -3 -2 
71 50 15 1 7 7 -6 -1 2 -5 
86 44 7 -8 5 7 -3 -4 0 -3 
87 43 8 -5 2 6 1 -7 -3 -1 
72 46 18 10 6 5 -1 -2 -2 -4 
68 42 21 12 5 2 -3 -1 -2 -6 
63 43 20 12 4 2 -4 -2 -1 -4 
63 48 18 11 5 2 -2 -4 -2 0 
63 52 25 7 1 2 -3 -2 0 -1 
61 52 27 7 -1 1 -4 -1 2 -3 
59 43 25 10 5 3 -1 -2 0 1 
55 39 20 10 10 5 3 -1 -2 3 
46 34 13 7 11 4 0 -2 3 2 
40 37 15 15 18 7 1 0 5 0 
40 33 13 14 19 7 1 1 1 -3 
38 25 11 9 6 1 -1 -4 -5 -2 
34 23 13 14 1 0 3 -3 -6 -1 
36 23 15 16 5 -1 2 -4 -8 -6 
