67 36 3 -3 -7 -3 0 3 3 1 
67 38 2 -5 -8 -3 2 5 1 -1 
72 38 2 -4 -4 2 0 5 3 -2 
77 37 6 -1 -3 3 -2 5 5 0 
81 43 10 -3 -5 -1 -1 5 2 -1 
81 45 8 -3 -5 -2 0 1 0 -3 
81 45 10 0 -2 -3 0 -1 1 -4 
78 49 19 1 -1 -2 -1 1 -1 -3 
72 50 21 5 -3 -2 0 -1 -3 0 
73 48 18 5 -5 -3 -1 -3 0 -2 
75 55 18 6 -6 -5 -4 -2 5 -4 
75 54 20 9 -4 -5 -2 -1 1 -1 
72 47 23 9 -5 -2 0 3 0 2 
71 48 21 9 -2 0 -3 3 0 0 
80 53 17 5 -2 -1 -2 2 3 1 
83 51 16 6 -2 -2 -1 0 5 1 
75 50 21 7 4 -1 -3 2 5 1 
71 48 20 8 6 5 1 1 0 -2 
73 44 14 12 1 6 2 3 -1 -2 
72 44 16 7 1 6 3 5 2 0 
73 48 18 1 1 6 5 4 0 1 
70 51 22 4 1 6 1 6 -1 -4 
68 51 25 6 -1 6 5 7 -2 -6 
73 48 13 6 1 7 9 5 0 -4 
73 44 9 3 4 11 8 4 5 -3 
69 43 13 2 3 10 6 3 4 -3 
63 42 12 3 2 4 5 4 1 -2 
58 39 8 7 3 -1 6 4 -3 0 
57 40 15 11 4 2 0 5 1 -2 
62 43 18 7 4 8 0 5 3 -2 
