57 36 18 21 15 12 14 7 8 6 
58 33 17 14 20 17 15 7 9 10 
54 35 14 17 27 22 12 8 9 9 
55 39 16 17 19 18 12 6 7 5 
58 39 17 14 14 18 12 8 9 4 
59 40 20 21 19 14 9 6 5 -1 
56 40 23 25 18 18 12 1 0 2 
58 38 18 17 16 16 9 0 0 4 
58 35 15 12 16 12 7 3 3 1 
48 24 12 15 13 13 9 8 8 3 
45 24 12 17 16 12 7 8 4 1 
54 27 14 17 18 11 6 7 5 5 
61 35 18 20 21 15 11 7 8 9 
94 20 -10 25 12 7 -8 3 10 -5 
95 19 -12 22 10 7 -8 3 10 -6 
80 29 -7 3 14 11 4 3 8 6 
49 37 17 17 15 8 5 1 2 3 
49 32 13 13 13 9 5 0 1 1 
47 32 10 9 15 9 6 2 4 4 
47 33 11 8 16 16 10 4 5 6 
50 31 6 1 12 8 7 -1 8 3 
52 33 8 4 12 6 7 -2 8 3 
59 36 16 17 13 16 8 2 0 -2 
59 34 17 13 6 12 5 5 3 -5 
52 33 15 9 10 13 5 7 2 -3 
48 34 16 9 13 14 7 3 -1 -2 
49 29 12 9 12 9 3 1 5 0 
50 34 13 13 13 8 6 4 5 3 
47 34 14 12 10 10 4 2 0 6 
50 30 12 8 10 11 6 2 -2 3 
