68 14 30 3 5 -5 1 1 0 2 
63 14 24 5 2 -10 -6 -1 -2 1 
62 5 20 12 7 -4 -6 -3 -8 -5 
66 4 21 9 10 0 -4 3 -5 -2 
63 2 26 7 7 -3 -9 2 0 5 
68 -1 26 4 7 3 -7 -2 -6 3 
65 0 31 2 13 6 -9 -2 -12 0 
63 -2 31 -2 14 6 -13 -1 -11 -3 
66 2 30 -4 10 6 -9 3 -4 -2 
66 10 36 0 3 1 -4 6 3 0 
75 24 38 3 4 -9 -15 -5 -9 -4 
127 53 36 -10 8 -5 -5 3 -9 3 
127 50 31 -21 6 10 -2 3 -12 -1 
123 49 24 -13 3 10 -2 0 -11 -2 
123 53 28 -10 2 4 -5 -1 -9 0 
127 40 26 -12 5 6 -13 -2 -11 7 
111 30 25 -10 1 9 -13 -5 -13 8 
96 32 32 -9 0 9 -12 -3 -15 6 
92 40 35 -4 -3 8 -14 -2 -15 2 
93 49 33 -1 -2 9 -17 -6 -15 3 
93 48 33 -1 -3 7 -15 -8 -15 6 
94 46 33 -1 -2 6 -15 -4 -10 5 
98 49 27 1 3 9 -20 -3 -9 0 
94 54 25 4 3 4 -18 -2 -12 1 
92 53 29 6 -2 4 -20 -5 -7 3 
91 51 31 5 -1 4 -22 -5 -6 3 
87 52 41 -1 0 -3 -17 -5 -7 8 
94 51 42 -8 -5 -2 -10 -5 -7 6 
97 43 24 -13 1 11 -9 -3 -13 -3 
96 41 21 -13 4 12 -8 -3 -15 -4 
