48 38 15 18 14 10 4 9 5 4 
48 31 15 16 16 13 8 6 3 1 
55 29 9 4 8 6 -1 0 0 0 
76 45 6 -2 4 8 1 0 3 4 
90 32 -8 1 10 4 -2 5 8 -3 
96 32 -6 1 10 2 -1 3 8 -2 
94 50 4 -2 1 0 -1 -2 5 4 
86 55 6 -2 -2 -5 -5 -1 4 1 
79 49 10 3 -5 -5 -4 -2 5 2 
76 41 14 4 -1 -2 -4 -1 5 2 
73 41 15 1 2 -1 -5 -5 2 2 
68 40 14 8 4 0 -6 -6 1 1 
51 30 18 18 12 8 -2 -2 1 -2 
46 31 11 10 7 12 4 1 -1 -2 
55 33 5 7 5 4 -4 -3 3 3 
-2 -14 -4 7 13 10 16 4 2 2 
-2 -14 -4 7 13 11 16 4 2 2 
57 34 11 18 20 7 1 -1 -5 -5 
47 31 15 14 19 10 3 -2 -3 -5 
45 29 12 10 14 12 4 -5 -3 -3 
47 30 13 13 9 13 0 -2 -1 1 
58 34 7 7 6 3 -7 -2 -2 1 
55 33 7 6 7 3 -6 -2 -4 2 
33 24 8 9 17 12 0 5 2 -2 
32 21 8 9 15 10 1 4 4 -2 
47 24 10 4 5 3 -8 -4 2 1 
53 31 14 7 11 8 -5 -2 1 2 
46 33 16 8 14 14 3 1 -1 -2 
48 34 19 7 7 8 1 1 -1 -2 
45 32 21 14 8 7 1 0 -1 -4 
