19 22 15 12 5 6 5 3 0 2 
15 25 14 12 5 3 2 1 4 5 
20 22 11 12 2 5 7 1 8 7 
24 23 13 12 1 9 7 0 10 5 
18 20 14 11 3 5 4 1 5 4 
13 14 15 12 13 11 8 8 6 8 
24 23 18 15 10 10 9 7 5 9 
29 28 20 16 5 6 9 6 6 9 
20 25 16 11 4 7 3 6 7 6 
13 20 12 5 2 6 4 2 2 2 
11 16 10 6 10 8 2 -1 2 5 
16 21 9 8 13 8 2 0 3 8 
32 34 16 14 10 7 9 4 1 5 
47 42 18 13 3 0 4 -2 1 1 
54 42 14 8 -2 -2 -3 -8 2 -1 
55 42 18 1 -2 -4 -4 -6 -2 1 
58 44 20 -3 -4 -5 -2 -5 -2 4 
56 46 25 4 -7 -1 -1 -1 0 3 
54 46 26 5 -9 -2 -3 3 0 -5 
54 39 21 7 -7 -7 -4 2 0 -1 
52 37 19 6 -4 -8 -3 -2 -4 2 
52 43 20 -1 -3 -4 -3 -2 -4 1 
52 42 19 4 1 -2 -6 0 -3 -5 
51 42 22 8 2 -2 -5 -5 -6 -9 
43 39 22 12 4 -1 -5 -9 -5 -3 
31 29 17 10 3 3 -4 -3 -5 -1 
26 20 19 11 6 5 -3 -2 -6 -1 
31 25 22 12 9 2 0 -1 1 3 
29 32 21 13 9 3 3 1 2 2 
27 29 20 15 8 7 6 1 2 4 
