26 21 14 3 5 1 0 -3 -3 -5 
30 28 17 0 0 -6 -12 -5 -2 -3 
28 29 15 1 -4 -6 -12 -4 -5 1 
30 30 18 11 4 1 0 1 -2 3 
32 27 18 18 13 1 -1 -2 0 4 
26 27 18 15 17 5 3 0 -1 3 
40 38 19 6 9 -1 -4 -3 -4 0 
55 44 17 5 -5 -6 -7 -6 -7 -4 
58 45 19 6 -5 -2 -5 -6 -7 -4 
57 41 18 8 1 -2 -4 -7 -4 0 
59 45 20 8 -1 -7 -3 -6 -3 -1 
59 51 18 6 -1 -11 -5 -6 -6 -5 
61 50 16 5 -3 -13 -9 -10 -6 -6 
65 50 22 7 -3 -11 -6 -10 -5 -4 
61 50 25 9 2 -5 -6 -9 -7 -4 
60 50 22 2 1 -7 -10 -8 -3 -4 
57 46 20 -2 -2 -8 -11 -8 0 -4 
49 37 19 2 -5 -8 -13 -8 3 -2 
50 38 11 0 -4 -11 -9 -2 2 -2 
59 47 9 3 -1 -11 -8 -5 -2 -4 
56 44 17 4 0 -5 -9 -5 -3 -7 
53 39 20 1 -4 -5 -5 -1 -2 -6 
54 39 13 2 -3 -5 -1 0 2 -2 
58 40 12 2 0 -3 -1 -2 4 0 
60 44 19 0 -1 -6 -4 -6 -1 -1 
62 48 22 3 -1 -7 -8 -6 -5 -4 
62 49 22 6 1 -3 -8 -5 -4 -4 
60 45 21 8 -2 -5 -8 -6 -4 -6 
60 41 19 7 -9 -8 -13 -8 -8 -7 
55 46 25 7 -7 -9 -11 -6 -6 -1 
