25 24 16 10 6 6 4 8 8 7 
30 23 12 10 9 3 4 4 0 2 
58 47 29 22 17 6 2 0 -3 -4 
55 49 29 20 21 7 -3 0 2 -4 
46 37 21 11 7 -1 -7 -2 3 -2 
47 36 19 8 3 1 -7 -2 0 1 
30 27 16 12 9 2 1 3 3 2 
17 15 15 4 6 7 5 4 7 0 
20 20 16 5 3 6 -1 -1 0 -2 
27 30 21 11 8 7 1 -2 -5 -2 
28 31 20 6 6 8 8 -2 -4 -2 
22 31 16 15 7 5 10 4 0 2 
19 26 15 20 9 5 9 7 4 4 
29 27 19 12 6 3 2 3 0 0 
47 39 26 14 7 4 -5 -1 -4 -3 
47 40 28 21 9 5 -2 -2 -2 -2 
35 35 24 14 7 5 7 0 3 6 
35 30 16 11 5 0 4 -4 -3 5 
25 19 10 12 6 7 3 2 -1 1 
29 22 13 9 6 8 3 0 -1 -2 
35 27 17 12 11 11 6 4 1 0 
28 26 17 11 12 16 14 5 3 5 
19 21 13 4 5 10 11 3 0 6 
20 22 13 5 3 4 6 6 -2 2 
28 26 12 6 3 0 1 2 0 2 
29 27 19 15 6 2 -5 -1 8 8 
21 25 18 14 13 10 3 6 7 8 
16 29 16 12 13 13 9 9 4 5 
19 21 12 12 7 7 2 7 5 4 
24 23 15 7 -1 -1 -2 7 3 3 
