82 52 18 4 -6 -3 -3 -3 2 0 
80 48 20 6 -5 -5 -3 -7 -2 -2 
87 48 14 -2 -6 -8 -2 -5 -2 -4 
93 47 3 -8 -5 -7 -4 -3 0 -2 
95 48 0 -7 -7 -7 -5 -5 -1 -3 
87 42 6 -4 -9 -9 -1 -4 2 -8 
89 47 10 -4 -11 -8 -3 -3 0 -5 
97 48 1 -8 -7 -5 -9 -6 -4 0 
105 48 -4 -6 1 -5 -6 -4 -1 0 
104 48 6 -3 2 -4 -4 -4 0 0 
101 47 13 1 -2 -2 -12 -6 0 3 
96 48 9 1 -4 -2 -11 -7 -2 2 
96 51 6 1 -3 -4 -7 -5 -1 4 
100 55 6 -5 -3 1 -9 -8 -1 3 
95 54 4 -3 -1 2 -11 -8 -1 -1 
90 55 10 1 1 -3 -6 -8 -3 -3 
76 60 26 8 0 -5 -9 -14 -8 -6 
73 54 26 9 -2 -5 -13 -12 -12 -10 
60 48 27 10 0 -1 -12 -9 -11 -12 
42 38 29 13 2 2 -6 -6 -3 -2 
36 31 24 14 1 -3 -8 -7 -5 -2 
35 31 20 14 5 -2 -3 -3 -3 0 
36 26 17 11 4 4 6 2 3 4 
36 23 12 12 7 7 6 4 5 1 
33 23 11 9 12 2 3 7 6 1 
32 24 10 13 12 3 4 9 7 2 
26 24 12 15 10 7 4 5 5 0 
24 22 9 6 1 3 4 5 5 2 
28 18 7 9 0 -1 3 4 2 -1 
30 20 16 13 6 3 2 3 5 2 
