20 22 14 12 9 7 3 -3 3 1 
22 17 9 11 11 8 0 -1 3 2 
24 20 10 11 5 9 2 -1 0 2 
23 26 14 12 -2 4 6 1 -1 -2 
22 21 11 12 4 3 2 -1 0 -4 
15 18 11 13 6 2 2 4 -1 3 
19 26 18 11 -2 -2 0 0 -2 1 
23 29 16 3 1 4 3 -4 -1 -1 
20 26 12 7 4 6 3 0 4 1 
22 29 21 15 0 8 8 4 8 3 
24 30 27 12 4 10 7 4 2 4 
28 26 16 7 5 6 2 1 1 5 
29 28 10 9 7 4 3 2 4 5 
28 31 14 14 13 11 9 6 4 3 
29 29 14 15 12 10 8 5 8 4 
23 24 17 16 9 4 4 5 8 4 
23 24 20 17 13 7 1 1 1 3 
31 21 19 10 7 7 1 0 1 5 
32 25 20 12 7 4 2 -1 0 4 
27 32 21 18 14 2 4 0 -1 2 
28 31 22 16 13 7 13 6 3 1 
25 32 19 13 13 9 10 8 3 -1 
24 26 9 14 17 8 7 8 5 0 
24 20 11 14 13 12 4 7 5 1 
18 21 12 3 -1 8 2 2 1 0 
22 27 10 3 2 7 6 1 2 4 
33 26 11 12 11 6 4 -1 3 -1 
37 25 11 15 11 6 3 -1 3 -3 
29 29 16 13 10 5 2 4 -1 -2 
24 28 14 7 4 6 5 7 3 -2 
