27 22 10 8 7 4 -1 0 4 2 
22 20 12 13 6 5 2 4 5 2 
26 19 10 12 7 10 5 3 6 4 
27 21 11 10 12 10 7 1 3 0 
32 32 13 15 12 5 4 2 4 1 
31 31 17 15 10 4 2 4 7 3 
25 23 17 10 14 8 2 4 4 3 
23 22 18 12 16 6 4 1 3 4 
21 19 16 10 11 3 5 -3 3 8 
23 26 15 10 9 4 3 -5 3 6 
22 25 9 11 4 0 2 -2 2 2 
29 28 15 10 8 10 5 4 7 6 
26 27 21 6 7 14 5 6 6 5 
19 22 20 7 4 4 8 7 5 3 
25 26 18 12 9 -1 6 4 4 5 
28 30 15 12 10 4 4 2 0 1 
30 27 12 10 3 2 6 3 2 0 
26 23 11 10 3 1 3 3 3 4 
25 20 15 14 7 5 1 10 7 6 
26 19 10 13 10 5 3 10 7 4 
28 27 10 14 12 9 8 6 3 2 
28 33 17 13 10 9 7 5 2 5 
29 28 15 16 10 6 1 3 3 7 
31 20 8 15 6 6 -3 0 -1 0 
30 22 11 8 3 7 -1 -1 3 -4 
30 22 11 0 8 12 6 0 6 -1 
31 23 8 4 11 11 11 2 2 2 
32 23 8 7 7 6 8 2 1 1 
28 16 3 -1 -1 1 1 4 0 -1 
28 17 6 6 1 2 1 5 1 2 
