115 42 36 -21 16 3 -16 -3 -12 9 
110 43 33 -21 9 11 -24 -3 -10 10 
101 42 29 -15 11 8 -27 -5 -7 7 
94 44 32 -13 9 10 -27 -5 -7 6 
90 37 35 -4 3 10 -26 -2 -7 3 
88 38 35 4 0 8 -24 -2 -7 3 
90 44 29 0 0 3 -20 -3 -9 2 
91 44 31 -5 4 1 -21 -2 -11 1 
91 41 37 0 5 2 -21 3 -12 1 
96 36 35 4 4 7 -20 2 -11 -3 
95 38 30 1 6 11 -18 -3 -10 -2 
95 41 33 -3 5 5 -19 0 -10 2 
102 41 31 -7 8 3 -18 4 -10 2 
111 48 19 -8 11 7 -20 2 -10 3 
113 50 20 -8 9 7 -23 4 -12 5 
114 51 19 -5 11 1 -19 8 -16 5 
117 46 17 -1 10 5 -13 5 -19 3 
116 42 21 1 9 12 -13 0 -16 -1 
106 42 28 -4 15 12 -12 -3 -14 -1 
99 38 33 -6 20 11 -8 -4 -16 -2 
101 39 35 -4 16 8 -7 -2 -13 0 
101 46 34 2 14 11 -12 6 -5 -4 
91 46 47 18 23 15 -7 3 -11 -8 
81 34 45 26 19 3 0 3 -3 -5 
62 14 26 12 14 -1 2 -2 -1 -5 
54 9 17 4 14 -4 3 -2 -3 -4 
47 14 9 2 0 2 1 -3 2 1 
0 0 0 0 0 0 0 0 0 0 
0 0 0 0 0 0 0 0 0 0 
0 0 0 0 0 0 0 0 0 0 
