36 30 23 16 15 10 2 4 6 2 
35 26 22 16 11 11 4 5 5 2 
34 29 24 17 12 10 9 10 0 -3 
31 31 21 18 15 12 7 10 -1 -3 
32 28 17 14 13 9 5 7 1 -1 
34 30 20 21 17 10 6 7 5 2 
30 35 20 26 15 11 7 7 6 2 
30 34 20 20 7 3 5 5 2 -1 
32 30 21 17 8 3 5 4 2 3 
35 28 20 15 11 6 4 5 4 4 
39 32 19 16 9 9 0 2 7 3 
36 32 17 15 8 8 -2 1 6 1 
37 28 16 17 6 3 0 3 1 -1 
48 37 19 13 2 -6 -6 -9 -5 -7 
64 49 24 8 1 -6 -10 -13 -6 -7 
68 48 26 8 4 -5 -14 -11 -3 -2 
57 44 21 7 7 -7 -10 -9 4 0 
60 46 19 6 5 -3 -8 -10 2 -2 
64 47 20 8 3 -1 -9 -6 1 2 
58 46 26 11 2 -5 -10 -5 -1 5 
61 45 28 14 6 -1 -7 -4 -2 2 
65 47 26 15 5 0 -3 -2 -2 -3 
61 45 27 20 6 1 -5 -5 -4 -3 
70 48 29 19 2 0 -9 -7 -1 3 
68 51 26 13 3 -4 -6 -6 -4 5 
63 54 24 15 4 -6 -5 -2 -6 3 
63 57 30 18 2 -4 -7 -1 1 1 
57 54 34 16 2 -1 -5 1 0 -2 
53 49 32 18 3 2 -1 -2 -6 -1 
55 48 27 16 3 -2 -2 -4 -2 5 
