71 50 18 4 -3 -12 -10 -8 -4 1 
68 52 18 3 -5 -6 -9 -6 -2 -1 
68 53 17 4 -2 -5 -9 -9 0 0 
69 50 16 12 1 -7 -10 -11 -1 2 
71 48 19 13 2 -6 -13 -7 -1 5 
75 50 22 10 2 -7 -9 -5 -2 3 
77 52 20 5 -2 -1 -7 -7 -1 -3 
78 51 16 4 -5 -2 -11 -6 -3 -5 
74 47 15 9 -5 -12 -11 -5 -7 3 
82 44 12 6 1 -6 -8 -5 -5 5 
86 49 8 4 7 -3 -11 -8 -2 6 
80 51 10 6 5 -4 -15 -13 -2 2 
77 53 18 8 2 -1 -15 -17 -8 -6 
80 50 21 8 3 -2 -15 -15 -6 -4 
79 51 18 7 1 -4 -15 -12 -4 -2 
78 54 21 6 0 -1 -15 -12 -7 -3 
76 50 23 11 1 -1 -12 -11 -8 -9 
74 53 24 14 0 -3 -6 -13 -11 -12 
70 52 29 15 0 -6 -11 -13 -10 -8 
54 43 26 15 -1 -5 -8 -2 0 -1 
40 44 26 15 5 2 -8 -6 -2 -5 
37 41 27 9 2 3 -8 -4 -4 -11 
41 36 28 11 4 5 0 -5 -5 -13 
39 35 24 16 5 6 4 -10 -6 -5 
32 28 19 21 7 2 4 -1 -3 0 
26 25 21 22 16 7 4 2 -5 -5 
29 28 20 13 11 5 0 1 -3 -3 
25 25 12 12 9 1 -3 2 1 -2 
21 25 16 13 11 0 -4 3 2 2 
19 19 16 12 6 3 2 4 4 6 
