98 46 6 5 5 -8 -16 -10 -3 -2 
98 43 1 0 1 -10 -13 -8 1 2 
101 42 0 -2 -3 -9 -10 -9 2 0 
104 47 6 1 -1 -5 -9 -9 -1 -6 
95 52 16 5 1 -3 -8 -11 -7 -8 
93 55 24 9 -3 -7 -10 -8 -2 -2 
102 55 18 0 -3 -7 -10 -5 -4 1 
99 58 16 -1 -2 -6 -10 -5 -6 -2 
89 59 26 14 4 2 -11 -16 -9 -7 
89 58 26 17 6 2 -11 -20 -12 -4 
87 58 29 17 7 0 -10 -18 -10 -4 
85 58 25 13 7 3 -14 -13 -7 -7 
82 57 20 13 6 0 -12 -8 -8 -7 
78 51 22 16 9 -5 -10 -8 -4 -3 
76 47 18 9 8 0 -6 -6 -1 -2 
78 50 18 7 4 0 -6 -5 -3 -6 
73 51 21 12 5 -10 -11 -5 -2 -7 
66 47 24 14 4 -6 -5 -4 -5 -7 
63 46 20 12 2 2 -1 0 -8 -8 
56 38 15 12 3 -1 -5 -3 -10 -11 
51 33 19 17 6 0 -5 -3 -9 -8 
48 33 20 13 9 4 -3 -1 -5 -5 
41 29 18 15 13 6 1 0 -3 -2 
34 23 11 15 12 6 6 4 1 1 
34 21 14 14 10 5 3 1 4 -1 
27 20 14 13 14 8 2 -3 3 0 
24 22 13 7 10 8 5 0 6 0 
31 25 19 11 10 7 5 8 7 -1 
31 21 15 14 11 8 6 7 6 1 
31 18 11 14 9 7 0 0 3 2 
