24 22 16 13 12 1 6 4 -1 -1 
23 17 17 10 10 3 5 2 -2 0 
26 23 15 8 7 6 3 0 -1 0 
21 22 11 4 3 5 3 0 -5 -1 
16 20 10 4 6 8 7 1 -2 1 
19 25 9 9 5 3 1 -3 1 0 
21 26 12 14 3 -3 -1 -1 3 2 
24 25 13 11 5 1 1 2 2 0 
24 24 12 7 4 6 0 4 0 -2 
25 25 12 7 7 5 5 9 4 4 
27 21 9 7 7 3 3 9 8 6 
26 22 19 13 8 11 7 4 5 3 
30 26 24 15 9 15 12 8 6 4 
31 28 24 15 11 10 6 7 7 0 
23 25 20 15 17 13 7 5 0 -2 
26 27 16 13 15 11 8 9 4 2 
29 28 19 14 8 7 5 8 5 -1 
29 28 20 15 7 7 3 6 5 5 
31 29 17 12 6 8 6 8 5 6 
31 28 18 9 8 7 9 9 3 7 
25 22 17 11 11 9 9 8 3 11 
17 13 10 12 6 7 4 4 2 4 
26 20 15 15 3 8 5 7 8 -1 
30 26 19 10 5 6 7 2 6 3 
19 23 16 10 8 0 3 -2 4 4 
23 22 11 16 13 7 8 5 7 6 
28 28 8 21 14 12 10 8 8 7 
24 33 18 16 15 12 6 6 6 6 
34 28 19 9 13 9 2 1 4 5 
36 23 12 12 4 8 2 0 4 4 
