88 38 2 0 -1 -7 -7 0 -1 -4 
94 40 -1 -2 2 -4 -11 -3 0 -6 
94 43 1 -6 0 -3 -11 -5 0 -4 
89 42 1 -5 -2 -4 -11 -3 1 -3 
84 38 0 -3 -2 -8 -11 -3 2 1 
85 40 2 -4 -3 -8 -9 -1 2 1 
84 39 5 -4 -4 -7 -9 -1 1 0 
85 41 1 -10 -7 -9 -7 -3 0 -2 
85 43 2 -9 -11 -7 -5 -2 4 -2 
82 45 8 -7 -13 -6 -6 2 7 0 
88 48 6 -9 -12 -9 -4 3 4 1 
97 52 1 -6 -9 -10 -3 0 2 -1 
97 53 4 -9 -12 -9 -6 -1 4 -2 
97 46 6 -5 -11 -8 -8 -2 5 -1 
95 45 6 -6 -9 -5 -8 -3 5 -2 
93 49 8 -13 -14 -7 -8 -3 3 -2 
86 51 15 -8 -16 -7 -3 0 2 0 
78 37 2 -8 -10 -5 -5 2 9 6 
82 40 -2 -11 -13 -9 -12 -1 1 0 
78 45 12 -1 -7 -7 -7 3 -1 -1 
75 41 14 4 -5 -7 -4 3 7 3 
83 49 13 1 -8 -11 -7 -4 3 -2 
84 48 12 1 -2 -10 -9 -3 -4 -3 
69 45 15 7 1 -2 -3 -1 -4 -3 
46 41 17 5 -2 -3 -3 4 3 4 
28 33 22 10 8 1 -4 4 1 2 
24 28 20 13 13 3 3 9 9 1 
21 22 19 16 10 4 5 9 10 2 
30 25 23 20 9 1 0 3 5 2 
37 30 20 17 12 3 2 1 5 1 
