62 31 7 -1 -4 -4 -2 1 4 0 
58 36 12 1 -2 -1 -3 3 5 1 
58 40 11 -2 -4 1 -5 1 6 1 
60 39 7 -1 -8 -4 -4 -2 -1 -1 
67 41 10 1 -6 -6 -2 -4 -3 1 
70 39 9 -3 -1 -5 -6 -5 0 2 
63 40 9 -1 1 -4 -10 -7 1 -1 
62 42 8 6 1 -5 -11 -5 0 -4 
71 44 5 2 -1 -9 -7 -2 4 -1 
77 41 6 -2 -6 -6 -6 -3 4 -1 
73 38 9 -4 -10 -3 -8 -2 1 -3 
64 39 11 1 -5 -8 -7 -7 -2 -4 
66 44 8 3 -2 -9 -6 -4 -2 -3 
70 46 11 2 -1 -4 -6 -3 0 -4 
82 38 4 -2 1 -6 -7 -7 5 1 
82 40 0 -1 -1 -1 -2 -2 10 5 
70 41 5 -3 -3 3 3 4 9 6 
64 38 11 0 1 3 2 1 4 5 
64 30 13 5 4 3 2 3 5 0 
60 33 17 10 7 -1 0 -1 0 -3 
51 42 28 19 6 -1 -2 -5 -6 -6 
46 37 25 19 9 4 1 1 -3 -5 
40 28 17 21 18 8 3 4 1 0 
37 28 15 17 19 8 4 8 6 5 
29 27 22 15 16 8 6 6 8 6 
24 23 20 20 16 10 6 1 4 1 
24 24 13 11 7 3 0 0 0 -3 
32 29 17 12 10 10 5 5 4 4 
30 27 17 9 11 9 10 9 7 6 
27 31 23 12 9 5 7 11 2 2 
