30 28 19 11 3 6 1 0 5 4 
32 32 17 7 6 6 1 2 1 5 
31 32 15 10 6 2 0 -1 3 5 
30 29 15 11 0 1 3 4 7 3 
27 24 17 7 1 2 5 8 6 2 
25 29 17 11 6 5 4 4 5 2 
27 28 14 10 5 9 4 2 4 2 
36 24 23 13 10 10 7 7 2 -1 
31 27 25 19 14 10 11 7 2 -1 
27 29 21 19 15 11 8 5 3 1 
31 29 16 13 12 10 3 4 7 7 
36 30 15 13 10 10 4 2 5 4 
41 32 16 15 10 13 10 6 6 0 
43 32 20 14 13 14 9 6 8 4 
40 34 21 15 13 9 5 3 7 5 
40 30 18 23 13 10 8 4 7 9 
36 25 17 21 12 13 10 6 9 10 
25 28 12 12 10 10 2 -2 5 0 
27 31 15 14 8 4 2 -2 2 1 
29 25 16 10 3 0 1 4 1 3 
25 22 8 5 0 -4 -2 0 -3 -1 
26 26 11 14 9 2 3 5 2 -3 
29 24 14 14 13 9 3 10 9 4 
36 24 18 16 12 10 3 2 3 2 
29 22 18 14 8 10 4 -2 -1 3 
23 25 17 8 7 12 8 0 0 7 
25 22 16 13 6 10 6 1 0 4 
27 20 15 14 0 8 5 -2 2 5 
35 29 18 8 -3 -2 0 -1 2 10 
35 27 15 10 1 -6 -3 4 2 8 
