100 55 16 -5 -10 -12 -10 -4 1 2 
101 60 19 -6 -12 -13 -10 -1 5 2 
108 59 13 -5 -13 -9 -6 -1 6 -1 
112 61 9 -10 -10 -6 -2 0 2 -2 
109 63 8 -12 -11 -6 0 2 2 -4 
109 60 2 -9 -11 -5 -3 1 4 -3 
110 58 5 -10 -12 -5 -2 1 2 -1 
111 54 3 -10 -8 -6 -1 -2 2 1 
108 50 2 -11 -4 -6 -3 -2 4 1 
103 50 8 -8 -9 -8 -4 1 2 -2 
96 51 8 -10 -7 -9 -2 -2 1 -1 
89 55 8 -9 -2 -5 0 -4 4 2 
92 57 11 -4 0 -3 -4 0 5 4 
77 56 20 6 7 5 0 6 6 4 
66 47 24 18 12 3 2 9 8 4 
65 44 20 14 5 -5 3 10 8 5 
74 44 11 3 4 0 4 6 5 7 
79 43 7 1 6 3 0 2 4 8 
72 40 7 7 6 -2 -1 1 5 7 
53 31 11 5 4 -6 -2 5 13 10 
46 30 12 5 4 0 -2 4 6 9 
39 28 17 13 7 7 2 3 -1 1 
31 21 17 12 14 12 3 0 7 -3 
27 26 16 13 12 9 4 3 11 3 
25 23 9 13 15 8 4 5 11 10 
23 20 9 11 13 14 6 6 9 5 
21 24 14 12 10 11 9 5 4 2 
21 21 11 10 6 3 3 5 6 5 
26 19 11 9 4 5 5 5 7 4 
31 16 10 6 6 6 5 1 5 3 
