17 22 14 10 5 4 5 1 5 4 
21 24 13 10 1 5 2 -1 1 5 
28 23 12 9 2 4 2 6 1 3 
22 21 13 9 5 5 1 8 2 3 
20 17 10 11 4 1 -5 4 2 5 
26 22 11 8 4 -1 -6 -2 -1 4 
26 24 12 8 8 4 -5 -5 0 3 
21 20 6 8 5 4 -1 -4 6 3 
17 18 8 10 3 6 5 -1 8 3 
20 19 15 8 6 6 2 2 4 -1 
22 21 18 10 4 4 4 5 3 -2 
26 19 17 16 6 5 5 8 0 -2 
30 11 8 16 12 14 2 2 0 1 
29 11 8 14 12 13 1 2 1 5 
32 24 16 23 15 11 4 9 2 1 
30 27 17 22 14 11 6 10 5 0 
26 29 18 17 14 8 6 6 12 7 
26 28 20 17 13 6 4 6 12 8 
20 24 15 12 9 5 2 8 9 7 
37 -12 -6 7 21 25 12 1 3 5 
39 -13 -5 6 20 24 11 0 2 4 
21 15 11 8 8 4 4 -1 -1 3 
21 20 13 8 7 7 1 -1 3 4 
27 27 15 10 9 12 5 2 9 9 
30 26 17 13 11 11 4 1 5 9 
24 22 16 12 7 11 3 0 5 5 
24 27 15 10 6 8 4 1 9 3 
21 26 12 13 4 5 4 4 3 4 
10 15 4 10 1 2 0 5 1 4 
17 21 12 13 8 10 7 9 5 3 
