96 55 8 -3 -9 -11 -11 1 3 1 
95 54 7 -3 -8 -9 -13 0 7 0 
91 45 6 -4 -6 -4 -8 -2 1 3 
86 39 5 -3 1 -1 -3 -3 0 6 
81 41 5 1 5 0 -4 -1 3 4 
86 45 7 -1 -4 0 -8 4 6 2 
96 48 5 -4 -4 0 -7 4 4 1 
92 47 6 -2 -2 -2 -3 3 3 1 
82 45 7 -1 -1 -2 0 0 3 3 
79 49 7 0 3 -1 1 0 5 1 
89 46 0 -1 1 0 -3 -2 5 3 
99 46 0 -4 -3 2 -3 0 4 3 
95 50 1 -6 1 2 -1 2 3 3 
95 43 -4 -9 3 0 -2 -1 4 6 
95 40 -4 -9 2 -2 -2 0 3 3 
101 40 -5 -8 3 -2 -5 -1 1 4 
103 41 -9 -10 4 0 -7 -4 3 5 
109 36 -12 -4 4 0 -4 -3 4 4 
111 33 -12 -6 2 1 -6 -5 5 0 
100 34 -8 -9 2 0 -7 -3 3 -2 
104 37 -9 -6 1 -4 -6 0 1 1 
106 34 -9 -9 0 -3 -5 -5 2 2 
92 39 3 -7 3 2 -1 1 5 4 
100 43 -2 -7 5 4 -4 1 2 4 
103 41 -4 -5 4 2 -4 0 2 5 
100 38 -6 -6 2 2 -4 -2 2 5 
97 37 -7 -10 0 2 -6 -4 3 4 
99 36 -3 -5 2 1 -7 -2 4 2 
99 36 -2 -4 4 0 -6 -1 5 1 
100 38 -2 -5 1 1 -5 0 5 3 
