125 39 36 0 0 2 -14 -5 -14 -1 
115 37 31 8 0 2 -18 -10 -14 -4 
112 34 26 8 -1 2 -16 -11 -18 -6 
108 34 31 3 1 -1 -16 -10 -21 -4 
107 39 32 8 3 -5 -19 -7 -17 -6 
105 43 36 10 1 -6 -17 -8 -15 -5 
99 47 36 10 -2 -4 -12 -11 -14 -3 
97 47 41 8 -5 -2 -13 -11 -9 -3 
100 50 46 2 -7 0 -17 -8 -7 3 
101 49 47 -3 -5 7 -19 -6 -10 4 
106 47 43 -4 4 10 -17 -7 -9 0 
114 51 29 -8 -5 3 -14 1 -8 0 
107 52 27 -11 -8 -1 -13 1 -8 0 
94 45 31 -11 -4 -6 -14 -2 -12 -4 
90 43 32 -9 -2 -3 -14 -4 -14 -6 
93 45 29 -10 -7 -1 -15 -3 -8 -1 
97 46 29 -10 -6 -1 -14 -2 -7 2 
98 45 31 -8 1 -3 -16 -3 -10 0 
99 46 29 -8 -3 -4 -21 -5 -9 -1 
105 47 22 -11 -9 2 -18 -9 -7 -1 
105 48 20 -15 -5 1 -23 -6 -8 -2 
100 52 21 -20 2 -5 -23 0 -12 0 
98 50 22 -18 -2 -6 -19 1 -15 2 
100 40 21 -15 -10 -4 -15 -3 -13 4 
100 39 26 -13 -10 5 -17 -4 -12 2 
108 40 23 -8 -6 11 -13 -8 -16 -1 
112 40 23 -5 -4 11 -8 -11 -14 -1 
106 46 35 -5 -8 9 -16 -8 -9 0 
109 47 36 -5 -3 9 -22 -7 -9 2 
117 49 39 -8 1 8 -22 -9 -10 4 
