52 32 16 11 7 3 5 1 1 -3 
44 36 17 11 7 3 3 1 -4 -4 
33 31 16 11 7 4 0 0 2 -2 
27 25 19 18 11 6 0 4 2 -1 
34 24 16 12 7 3 -1 0 -2 0 
41 31 16 10 5 8 4 -1 -2 0 
48 31 14 10 2 3 0 4 -3 2 
61 38 9 13 8 6 1 -2 -2 4 
54 40 9 10 11 8 3 -1 0 2 
31 26 15 9 9 8 9 6 9 3 
32 26 22 14 13 10 6 3 3 0 
35 33 21 12 17 9 3 2 4 3 
43 38 26 17 15 5 0 0 3 1 
65 46 21 12 2 -1 0 -2 1 0 
74 52 21 11 1 -2 0 0 0 -2 
75 55 23 16 6 -2 0 2 0 -3 
72 48 19 19 6 0 3 -3 -2 0 
67 45 14 14 0 -3 3 1 -1 1 
69 54 19 3 -5 -6 0 2 1 2 
67 54 22 0 -5 -1 1 2 4 2 
69 50 25 7 -2 5 3 6 3 -3 
71 50 21 7 0 1 3 5 1 -4 
72 52 19 8 2 -5 3 8 2 -4 
69 48 22 7 4 1 3 6 1 -3 
70 45 18 7 5 6 2 1 -2 -2 
71 48 13 10 6 6 -1 -1 -3 -3 
66 51 19 7 5 7 -2 -1 -3 -4 
72 48 19 4 2 7 1 3 0 -7 
78 48 16 8 1 3 2 5 1 -5 
79 50 15 11 1 0 5 4 1 -4 
