39 28 7 11 8 6 -6 3 4 3 
65 45 15 10 0 0 -5 -1 2 -1 
72 56 19 8 2 -8 -6 1 2 1 
76 57 19 13 7 -8 -5 0 1 -1 
74 50 18 11 3 -1 -3 -2 1 -3 
68 39 7 0 -4 -4 -5 -1 2 -3 
74 43 11 3 -4 -5 0 0 1 -4 
79 47 17 2 -6 -2 2 4 0 -3 
77 46 15 2 -2 -4 0 5 4 -3 
77 48 10 0 2 1 4 6 4 -1 
76 52 8 1 5 4 2 6 2 -1 
70 48 13 4 3 -1 -3 0 -1 -4 
73 42 17 7 2 -3 -5 1 -2 -3 
78 41 19 9 -2 2 -2 1 -1 -3 
83 47 16 4 0 4 3 1 -1 -2 
87 44 11 5 8 0 5 5 -3 -4 
84 45 13 7 10 1 3 4 -4 -5 
76 54 19 9 9 3 0 1 -1 -3 
73 54 23 10 4 4 1 3 1 -5 
70 57 26 10 1 2 0 6 1 -6 
73 54 24 12 0 3 0 6 -1 -7 
76 46 23 11 1 -1 0 5 -1 -6 
76 46 17 11 4 -3 -2 6 -2 -5 
76 47 14 12 5 0 2 1 -3 -5 
76 48 15 10 3 -2 2 0 -2 -5 
73 50 16 8 3 -1 0 0 -1 -3 
69 52 17 8 1 0 1 -4 0 -2 
66 47 22 9 5 2 -3 -5 0 -2 
65 42 26 7 4 -1 -3 2 -3 -1 
67 41 18 6 1 -1 1 2 -5 -2 
