34 28 10 8 8 10 7 2 3 0 
31 29 10 8 6 9 9 5 5 2 
27 25 8 5 4 10 6 7 0 1 
29 26 8 6 10 7 5 7 -1 3 
34 30 10 10 10 3 3 3 4 5 
39 26 5 3 3 5 2 3 5 2 
36 27 10 5 8 6 7 6 7 3 
27 26 13 13 13 8 8 6 3 0 
28 25 11 12 7 10 6 4 -2 -4 
29 26 9 7 1 5 5 5 3 4 
25 19 9 5 1 5 6 9 8 5 
24 17 10 6 2 5 4 6 3 0 
40 27 16 8 4 3 2 0 5 -1 
63 44 21 10 -3 1 -2 -2 4 -3 
71 56 24 8 -3 -2 -2 0 1 -1 
73 60 25 10 4 -3 -3 0 0 -2 
67 53 24 14 10 -1 -3 0 0 -4 
60 44 20 8 -1 -1 0 5 5 0 
69 49 18 2 -4 1 -1 2 2 -1 
68 50 18 1 -1 2 -1 0 1 2 
63 49 23 7 0 -1 -1 1 0 1 
62 48 24 12 -1 -5 -2 2 2 -2 
65 47 22 12 0 -1 0 4 4 2 
68 45 18 11 2 -3 1 6 5 1 
70 44 18 7 7 -5 -1 5 4 -2 
66 48 17 6 7 -1 -3 2 1 -3 
71 49 17 9 1 -1 0 4 0 -3 
74 45 20 9 0 -1 2 2 2 0 
78 42 14 6 6 2 2 2 3 0 
78 46 12 3 9 2 -2 6 5 -4 
