22 11 4 16 14 5 -2 -3 1 0 
37 30 10 11 10 3 -1 1 2 0 
69 47 15 8 2 -3 -3 0 1 0 
80 52 19 13 3 -7 -2 -2 2 0 
76 52 21 8 5 -2 -3 -1 2 -3 
71 48 19 2 1 2 -4 3 1 -1 
70 47 16 3 -4 -4 -3 6 3 -2 
74 49 10 5 -4 -4 2 1 3 -2 
71 45 13 4 -1 -5 2 2 4 -2 
66 40 19 5 3 -2 4 5 4 -1 
66 41 24 9 6 1 2 3 1 -2 
61 47 28 13 3 0 -1 -2 -1 -5 
62 51 27 8 -1 -4 0 -3 -3 -6 
69 53 26 7 3 -3 -5 0 -2 -1 
75 52 22 4 2 2 -4 -1 0 3 
77 48 21 6 5 4 -4 -3 3 1 
75 46 19 9 2 3 -2 0 2 -3 
73 44 17 9 -1 2 1 2 -1 -5 
70 41 13 8 3 2 4 4 1 -8 
72 42 10 8 7 1 1 3 3 -3 
76 40 8 8 9 4 -2 -1 1 -1 
77 41 9 7 9 4 -4 -1 1 -2 
74 46 12 5 9 3 -5 -1 0 1 
71 50 15 5 11 2 -7 -2 -2 2 
69 49 19 9 8 0 -4 -1 -5 -1 
68 43 20 14 3 0 0 -4 -6 -3 
69 44 20 16 9 4 -1 -4 -9 -4 
75 46 15 9 8 3 -2 -1 -5 -4 
72 45 15 7 4 0 -2 0 -3 -5 
64 44 19 10 8 0 -6 1 -2 -1 
