106 50 61 15 3 -16 -14 -11 -14 4 
113 44 60 0 1 -15 -17 1 -10 9 
120 43 29 -6 10 3 -15 -7 -10 6 
121 31 24 -8 13 14 -13 -7 -11 1 
115 24 20 -8 12 16 -14 -5 -14 -2 
109 24 22 -10 10 6 -14 -5 -17 -1 
108 32 32 -12 17 9 -14 1 -20 -1 
97 45 30 -6 8 1 -14 -1 -24 -1 
101 48 29 2 3 -9 -15 -4 -25 -2 
104 49 32 4 -1 -9 -8 -4 -17 -3 
92 49 25 -2 -2 1 -8 0 -17 -6 
103 57 22 -11 -1 5 -20 2 -19 -4 
106 59 25 -17 7 0 -21 -1 -19 -2 
95 53 24 -19 6 1 -18 -2 -23 -5 
99 50 29 -15 5 1 -14 3 -22 -6 
104 51 32 -14 -1 0 -16 -1 -18 -7 
102 50 29 -22 1 5 -18 -6 -17 -5 
108 44 30 -28 12 5 -13 -1 -17 -1 
108 40 27 -23 10 0 -6 -1 -20 0 
107 40 24 -26 1 1 -9 -5 -23 -3 
112 41 20 -26 -7 5 -14 -6 -21 -7 
118 44 22 -18 -4 12 -12 -6 -15 -3 
123 44 17 -16 -6 20 -13 -9 -15 0 
110 35 16 -15 -10 19 -15 -6 -11 -1 
98 37 20 -15 -10 12 -19 -4 -9 1 
97 35 25 -20 -4 14 -19 1 -12 2 
91 30 30 -31 1 15 -17 4 -8 4 
84 33 21 -32 2 18 -17 0 -6 5 
86 34 16 -28 1 15 -19 -3 -8 3 
86 27 14 -23 -3 5 -22 -2 -12 1 
