79 46 17 1 3 3 3 0 2 1 
81 45 15 4 5 -3 -1 4 3 1 
82 49 15 5 3 -4 -2 5 3 1 
83 50 11 3 5 2 1 2 0 -1 
84 48 8 2 7 2 -2 -1 -1 0 
86 45 12 3 2 2 -5 -5 2 3 
86 42 11 4 1 3 -3 -4 2 3 
89 46 9 1 3 5 -2 -3 0 3 
93 49 8 0 2 3 -3 -4 4 6 
94 50 9 3 5 0 -8 -4 8 6 
100 51 9 4 4 0 -9 -3 6 6 
101 52 9 1 3 0 -4 -1 6 5 
94 50 12 3 3 2 -1 0 8 3 
91 50 14 4 5 3 -3 0 6 4 
91 48 11 3 10 5 -6 2 6 4 
84 49 9 4 8 3 -6 2 8 6 
69 48 6 -2 8 2 -1 4 8 6 
65 37 5 1 4 -2 2 3 4 6 
60 35 13 10 3 0 3 2 3 2 
39 30 12 7 6 3 2 2 4 0 
33 26 12 5 8 3 -1 0 3 2 
32 23 16 13 8 0 0 7 5 5 
36 26 15 14 6 -1 0 6 3 1 
39 25 13 11 8 8 6 4 3 1 
29 16 13 13 11 13 11 5 7 7 
35 19 15 15 12 15 9 1 5 4 
40 19 12 17 11 10 4 2 5 4 
35 17 8 11 5 5 2 2 7 6 
26 18 10 2 7 6 4 3 6 4 
13 14 14 9 9 7 8 5 6 3 
