118 43 -1 6 5 -3 -10 4 6 0 
116 45 -1 7 11 -5 -8 2 6 1 
112 46 5 8 12 -3 -8 2 6 1 
99 45 14 10 5 -2 -3 -1 5 2 
94 47 20 13 5 -4 -4 -2 5 3 
101 54 15 14 13 -4 -8 -2 7 2 
100 57 14 15 17 3 -7 -5 8 0 
98 54 19 16 15 7 -4 -2 3 0 
93 55 25 15 9 6 -7 0 1 3 
78 54 25 17 9 7 -6 -3 1 3 
57 42 22 14 15 2 -5 0 -2 0 
43 37 26 18 13 1 -2 1 -1 -2 
35 33 21 20 8 6 4 5 1 -3 
35 34 14 17 9 6 9 11 3 1 
30 31 16 17 16 8 12 7 2 4 
31 28 21 16 15 11 10 7 8 7 
31 28 20 13 15 14 11 6 12 7 
27 30 18 13 13 14 6 2 6 5 
28 31 17 19 14 12 4 4 7 4 
30 30 13 16 11 7 4 5 8 8 
33 26 13 11 6 6 3 5 5 7 
31 25 15 7 4 8 4 4 3 3 
29 26 13 4 4 3 2 3 1 0 
29 21 13 7 3 3 5 5 4 1 
27 18 11 3 5 5 5 8 7 4 
29 19 6 5 4 8 4 6 5 2 
32 23 7 7 0 11 5 3 3 1 
35 25 4 4 0 8 2 3 5 3 
33 18 0 3 -2 2 -3 0 4 3 
35 18 4 1 -5 1 -2 3 2 2 
