21 24 13 6 12 4 7 3 5 5 
28 24 16 14 11 7 6 1 3 2 
27 24 18 11 8 7 3 3 3 1 
21 20 13 7 9 7 -2 -3 -2 -2 
28 18 8 8 6 6 -5 -4 -2 -3 
28 19 10 6 5 2 -1 -1 -3 -1 
25 22 21 13 8 10 5 2 1 2 
26 21 17 11 10 11 7 1 2 2 
23 18 6 8 11 7 7 3 3 5 
27 21 13 17 16 16 9 9 6 5 
32 25 15 15 15 17 11 9 6 5 
34 27 19 16 14 15 8 8 5 4 
30 19 19 17 14 18 9 6 4 2 
31 21 21 18 15 14 7 4 2 4 
31 31 22 18 13 14 7 6 6 7 
31 30 18 13 12 13 9 7 10 8 
29 25 20 14 10 9 8 7 7 8 
28 29 22 16 10 10 11 4 4 7 
26 30 21 12 10 7 8 2 1 4 
21 23 14 9 4 1 -1 -2 -2 -2 
28 27 14 17 9 5 3 4 4 4 
22 25 16 14 11 7 0 4 5 5 
18 19 10 10 9 6 -1 2 4 0 
19 23 11 14 9 6 3 5 2 -2 
19 19 13 16 10 11 7 6 5 6 
15 15 14 14 7 8 7 2 5 6 
17 21 18 14 7 6 6 -4 -3 0 
23 26 15 12 13 8 4 -1 -2 -1 
18 24 16 10 13 5 4 0 2 1 
19 20 16 11 10 4 3 3 4 1 
