32 22 14 3 -1 2 1 -4 -2 -1 
26 21 11 0 0 3 2 -4 0 3 
26 24 8 6 5 2 0 -4 3 1 
29 29 9 10 5 1 -2 -1 1 -1 
20 21 12 12 3 3 2 0 4 -3 
14 13 7 11 0 2 0 -1 3 -3 
29 19 8 7 2 2 -1 -5 -5 -4 
28 21 10 4 3 2 3 -4 -2 -3 
21 19 11 4 9 7 6 9 9 5 
33 20 16 6 9 5 0 7 6 4 
33 21 18 11 5 3 -1 3 6 0 
34 29 20 16 14 14 5 10 6 6 
29 36 21 12 10 17 9 8 6 7 
22 32 21 14 4 9 6 4 6 2 
27 27 20 17 5 4 5 7 8 4 
35 29 23 18 8 6 9 10 10 6 
32 32 22 15 10 7 12 14 6 6 
28 30 16 16 12 8 11 13 8 7 
28 30 18 14 10 11 11 11 8 6 
23 23 17 10 10 10 6 9 5 3 
21 19 23 11 13 9 6 10 8 7 
21 23 18 8 11 6 9 9 4 2 
19 20 10 9 9 6 6 2 1 -1 
22 20 12 9 7 6 6 2 5 3 
27 26 15 11 8 3 7 2 5 3 
26 25 9 14 12 9 3 -1 6 6 
26 26 7 15 15 11 4 2 7 6 
31 25 8 10 9 10 6 0 3 5 
24 13 5 4 7 5 5 1 0 2 
26 19 12 12 9 6 6 4 4 4 
