20 25 19 18 18 12 9 -1 0 1 
18 22 12 20 12 2 -2 0 2 3 
15 21 8 15 6 0 -2 2 8 4 
24 25 13 10 4 4 8 4 10 2 
36 21 11 8 3 8 7 6 3 1 
24 19 11 4 2 10 1 3 1 1 
24 19 15 11 8 8 -2 2 0 2 
24 18 9 10 12 10 3 4 2 1 
22 19 9 8 11 11 4 6 7 1 
27 25 13 11 7 10 4 7 7 3 
30 23 11 10 14 15 8 10 7 2 
27 17 16 14 10 12 11 5 6 1 
19 13 14 16 8 8 7 -1 3 2 
35 12 6 15 11 8 3 2 2 1 
81 -17 -16 17 19 7 -9 -12 -4 -6 
79 -17 -16 16 19 6 -9 -12 -4 -6 
32 21 20 12 2 4 1 -5 0 1 
36 22 20 13 1 1 3 -4 2 1 
43 19 13 15 12 7 4 5 6 6 
39 25 14 18 13 7 3 2 5 3 
28 33 19 20 10 5 3 0 1 -2 
34 40 22 18 15 11 9 10 6 4 
44 22 11 14 25 17 4 1 3 4 
38 20 9 11 20 16 4 1 4 6 
36 28 15 13 15 12 8 9 6 6 
41 25 9 10 13 8 5 4 4 3 
34 26 12 8 3 4 7 2 6 6 
29 27 15 11 0 2 6 6 9 7 
24 26 10 13 9 8 9 7 7 3 
22 19 8 14 12 4 10 6 5 4 
