24 20 7 8 8 11 5 3 6 5 
31 26 15 6 10 7 4 -3 2 2 
32 25 10 8 11 3 -1 -3 4 1 
21 16 8 7 8 5 -3 -4 3 2 
22 21 13 10 3 7 2 2 6 6 
29 25 9 15 3 4 1 4 5 5 
18 18 4 13 6 3 0 4 2 -2 
17 15 4 11 5 1 2 5 6 0 
33 9 -7 3 7 6 6 -1 2 -1 
42 18 -2 10 12 12 11 3 5 3 
32 19 5 16 19 16 8 4 9 5 
23 14 1 11 17 13 5 0 8 4 
19 17 9 16 15 11 7 -2 4 5 
24 19 12 15 8 6 8 5 7 8 
30 29 18 14 10 7 9 13 10 8 
35 29 25 17 15 11 10 8 9 8 
31 25 25 20 11 14 9 7 12 6 
27 22 15 14 10 16 8 6 10 4 
24 22 10 14 13 13 12 8 8 5 
20 22 12 20 17 12 18 13 11 7 
23 16 5 19 23 3 -3 -1 -5 1 
0 0 0 0 0 0 0 0 0 0 
0 0 0 0 0 0 0 0 0 0 
0 0 0 0 0 0 0 0 0 0 
0 0 0 0 0 0 0 0 0 0 
0 0 0 0 0 0 0 0 0 0 
0 0 0 0 0 0 0 0 0 0 
0 0 0 0 0 0 0 0 0 0 
0 0 0 0 0 0 0 0 0 0 
0 0 0 0 0 0 0 0 0 0 
