123 58 0 -6 1 -5 -8 -5 2 1 
124 53 -1 -5 0 -9 -6 -3 4 4 
126 54 -1 -3 -5 -11 -7 -1 8 4 
126 53 -1 -4 -7 -6 -10 0 7 4 
124 50 2 -3 -2 -3 -12 -1 6 5 
126 50 -2 -4 1 -3 -8 -4 9 4 
127 43 -8 -5 0 -8 -9 1 12 2 
126 43 -9 -9 -2 -10 -9 3 11 4 
127 48 -8 -11 -2 -6 -6 1 9 6 
127 52 -3 -7 0 -4 -3 2 7 6 
125 56 5 -1 -1 -5 -6 -1 5 5 
122 57 3 -1 -1 -4 -7 -4 5 3 
112 57 5 -2 1 -4 -9 -4 4 1 
104 56 11 -2 1 -4 -10 -4 4 3 
95 53 15 -2 1 -2 -6 -2 6 9 
82 45 15 1 -1 -3 -6 3 4 7 
61 39 17 13 10 -3 -7 -1 1 4 
51 37 22 14 11 -1 -7 -5 0 2 
47 30 18 10 6 1 -4 -5 -4 -4 
38 30 11 15 7 3 2 -5 -5 -9 
24 21 7 9 5 1 -2 -8 -7 -7 
31 18 11 12 12 8 -6 -6 -6 -6 
35 22 13 9 9 5 -5 -2 0 -3 
36 24 9 5 8 4 3 7 4 2 
37 27 10 7 6 6 5 4 2 4 
38 36 20 13 7 11 8 3 6 9 
39 36 19 11 4 12 9 5 7 6 
40 27 12 7 0 8 9 4 2 -3 
37 26 13 11 6 8 10 8 4 0 
35 29 13 10 10 7 6 6 6 3 
