69 26 6 -1 -4 -2 -1 0 -1 -3 
74 29 7 -1 -4 -2 0 1 1 -2 
127 46 -2 -5 0 -2 -6 2 9 3 
127 49 -4 -3 -1 -1 -8 4 9 4 
127 52 0 -6 -4 -2 -6 5 8 3 
127 52 1 -8 -5 -3 -4 4 8 4 
125 52 0 -8 -2 -6 -9 2 9 5 
127 51 -1 -3 -1 -7 -10 4 6 5 
127 47 2 4 -1 -9 -8 1 6 5 
121 48 7 7 3 -8 -10 -5 5 2 
113 55 15 7 7 -4 -10 -8 1 4 
111 54 18 7 9 -1 -9 -7 1 4 
109 55 15 6 5 -2 -10 -3 3 2 
102 52 17 3 2 -2 -5 1 3 -1 
86 51 19 6 4 1 2 2 4 -2 
64 52 24 17 9 2 5 3 3 -1 
54 45 25 19 12 2 3 1 -1 0 
48 40 22 13 11 3 -3 2 5 2 
46 37 15 8 12 8 -1 5 10 3 
44 28 16 12 10 7 5 3 7 3 
38 20 12 12 7 6 1 0 3 0 
36 27 9 11 8 2 5 1 6 3 
31 24 16 19 10 5 8 1 4 4 
29 23 16 16 9 12 11 4 1 2 
23 24 14 14 6 4 12 6 4 3 
23 25 17 19 6 2 7 3 5 3 
33 27 13 11 10 9 0 -3 -2 2 
35 28 10 13 11 5 -1 -1 -3 4 
27 25 20 15 8 0 -2 5 7 6 
28 24 21 12 9 4 3 6 7 1 
