123 50 1 -5 2 -3 -8 -2 6 5 
119 50 3 -5 2 -3 -8 -2 4 7 
118 47 2 -4 0 -4 -9 -1 6 7 
123 50 2 -4 1 -3 -9 -2 5 5 
124 57 4 -3 3 -1 -9 -5 4 4 
123 59 6 -4 0 -3 -9 -2 7 2 
80 36 13 1 -7 -10 -6 -2 2 2 
78 36 14 2 -6 -10 -6 -2 2 2 
117 60 12 -1 -5 -6 -6 -1 6 4 
120 55 7 -4 -2 -4 -9 -4 9 4 
119 52 5 -3 -1 -4 -8 -3 9 4 
123 56 0 -3 2 -6 -9 -1 6 5 
121 58 1 -6 0 -5 -9 -1 5 4 
110 59 9 -7 -6 -3 -5 -1 6 -1 
97 53 12 0 2 -4 -7 -1 5 1 
77 44 13 8 4 -2 -4 2 5 3 
56 32 13 9 3 0 -1 6 7 5 
51 35 16 12 10 4 -2 5 2 0 
39 34 20 16 16 10 1 4 3 1 
31 31 17 14 11 10 2 0 1 -2 
28 32 17 12 4 4 4 3 2 0 
28 26 16 11 6 9 8 2 2 2 
24 24 16 15 10 15 8 -1 1 1 
30 30 16 14 11 13 5 1 1 -4 
34 29 18 12 5 11 5 1 4 -2 
36 25 18 14 2 7 2 2 6 1 
41 23 9 6 3 2 -3 1 4 -1 
44 28 7 -1 1 4 -5 2 5 -2 
46 32 9 2 2 6 0 3 4 -2 
48 28 7 3 2 1 2 0 4 2 
