113 54 7 0 0 -6 -11 -4 5 8 
118 52 1 -3 1 -2 -11 -4 5 8 
121 48 -1 -6 5 -1 -12 -5 7 8 
126 52 -3 -7 7 0 -12 -5 8 7 
127 54 -4 -8 8 2 -11 -5 9 7 
125 50 -1 -1 4 -1 -9 -2 8 6 
123 48 0 3 2 -4 -9 0 9 5 
127 49 -4 4 3 -4 -10 -2 9 6 
112 44 6 1 1 -3 -7 -2 6 6 
108 45 8 -1 0 -3 -6 -1 5 6 
127 56 -1 -7 2 -2 -11 0 4 6 
119 50 -3 -2 -3 -7 -6 -2 6 4 
100 45 4 1 -1 -8 -4 -3 11 8 
97 49 7 -5 -2 -5 1 -1 9 9 
94 49 2 -7 1 -4 -1 0 6 4 
76 43 8 -4 4 -1 -3 -1 4 2 
51 34 21 10 7 -2 -3 0 -1 2 
37 24 12 12 5 -3 -4 0 1 2 
32 26 12 13 4 1 0 1 4 1 
20 23 10 10 6 2 3 3 3 0 
18 19 7 8 6 0 1 1 3 1 
25 19 9 9 3 1 -1 -3 4 0 
32 23 16 17 10 9 5 2 9 5 
26 27 14 19 13 7 10 3 11 4 
23 29 16 14 11 5 7 3 6 -3 
28 23 22 16 11 9 3 3 3 -2 
32 26 23 17 9 7 2 4 4 2 
34 35 17 17 14 11 5 11 8 7 
34 39 13 14 17 13 6 8 6 8 
25 33 16 13 11 9 5 5 2 2 
