97 58 13 0 -14 -12 -6 -2 8 0 
97 60 13 -3 -12 -4 0 0 4 0 
100 57 15 -2 -10 -4 -2 4 5 2 
102 56 16 -3 -7 -8 -5 4 7 1 
99 58 14 -1 -9 -7 -2 3 4 0 
99 57 9 -1 -8 -2 2 1 2 2 
102 53 8 -7 -6 2 1 3 5 5 
106 51 9 -9 -8 3 -2 4 7 6 
104 51 8 -9 -7 -3 -2 3 7 6 
105 54 10 -9 -9 -5 -2 5 7 5 
108 53 11 -8 -11 -5 0 9 9 2 
104 53 10 -6 -10 -4 3 6 7 1 
103 56 11 -6 -10 -4 2 1 6 1 
99 56 13 -3 -12 -5 -1 2 7 1 
87 54 16 2 -8 -6 -2 5 4 -1 
72 48 18 7 -3 -7 -4 3 0 2 
53 39 17 9 -2 -5 -6 -1 1 3 
49 36 22 11 6 0 -4 -3 0 -2 
42 34 22 15 11 3 -1 -3 0 -6 
33 29 18 18 9 2 3 3 2 -2 
32 28 15 15 8 9 4 2 3 0 
29 29 14 10 6 11 7 5 4 3 
30 27 14 8 8 9 7 4 1 2 
31 22 16 9 9 9 1 0 1 -1 
29 21 11 5 5 5 1 1 3 -1 
27 20 4 2 1 3 7 1 2 2 
30 18 4 7 8 6 8 2 2 3 
27 20 6 8 14 10 9 2 2 0 
31 21 8 8 17 11 12 7 5 -1 
38 18 2 5 7 12 14 12 6 -2 
