98 59 13 0 -7 -8 -5 0 1 2 
96 61 20 -3 -11 -7 -6 2 3 -1 
96 59 21 -1 -10 -9 -7 2 6 -1 
98 61 19 -1 -8 -11 -4 0 5 -2 
98 63 19 -1 -9 -11 -2 0 2 -4 
100 62 20 2 -9 -10 -5 -1 2 -2 
88 55 20 4 -10 -10 -5 -4 2 1 
84 51 15 0 -13 -9 -6 -4 0 2 
92 58 13 -1 -9 -9 -9 -1 1 2 
93 62 19 0 -7 -10 -8 1 5 2 
93 59 20 7 -5 -13 -10 1 6 0 
94 55 15 9 0 -14 -10 -3 2 1 
91 56 22 6 -5 -8 -11 -6 0 1 
81 59 28 7 -7 -4 -9 -6 -2 -2 
75 56 27 11 -4 1 -3 -7 -4 0 
69 55 26 12 -2 0 2 -7 -4 0 
60 43 15 12 11 3 -4 -10 -5 -1 
49 37 17 16 17 7 -5 -11 -5 -1 
43 38 22 15 8 4 0 -8 -3 1 
35 27 21 14 7 5 -3 -2 0 2 
29 24 12 11 4 3 -1 3 4 -2 
29 26 2 9 8 1 7 5 5 3 
31 25 10 6 7 -2 3 6 7 3 
37 29 19 9 6 -1 0 6 4 0 
47 32 6 -4 -6 1 7 12 9 -1 
43 30 2 -5 -2 2 8 13 14 3 
41 24 1 -7 5 8 9 11 15 2 
38 15 -3 -10 -3 8 13 13 12 3 
39 12 -12 -16 -9 2 14 15 12 3 
37 15 -10 -20 -10 -1 9 13 11 4 
