55 2 26 -1 4 -5 -1 2 -3 2 
60 6 28 -1 9 -3 -4 -3 -7 3 
64 5 22 -1 6 1 -3 -7 -4 0 
67 4 24 4 10 1 -3 -2 -7 -3 
68 3 28 -1 7 0 -7 2 -1 -1 
56 2 27 -5 2 -5 -6 0 3 -1 
56 6 27 -18 0 -13 -1 3 3 8 
72 5 25 -24 -4 -22 -3 5 1 8 
118 50 27 -10 -10 -12 -9 -3 -6 -3 
127 55 25 -5 6 0 -8 -2 -1 0 
127 55 22 5 9 2 -6 -1 -2 -3 
125 54 24 8 9 1 -4 -1 -4 -3 
127 54 23 8 7 -1 -1 1 -5 -4 
127 53 22 8 8 -2 0 2 -2 -4 
127 53 19 4 10 -6 0 3 0 -1 
127 54 21 -1 9 -5 -2 7 1 -3 
127 59 28 -7 6 3 -6 8 3 -6 
127 58 22 -6 5 4 -10 2 4 -3 
127 56 17 -8 4 1 -9 5 6 -5 
127 56 25 -10 3 -2 -5 9 8 -7 
127 60 31 -9 1 -6 -1 10 9 -6 
127 57 27 -15 5 2 -1 6 5 -3 
122 53 25 -17 3 -1 0 11 3 -2 
124 55 24 -19 1 -1 -1 13 4 -3 
127 53 23 -21 0 2 -2 9 4 3 
127 55 24 -22 1 -4 1 6 1 9 
123 53 25 -21 1 -6 1 7 -1 7 
127 49 23 -21 -2 0 2 8 -3 4 
126 48 22 -18 -3 1 0 8 1 2 
127 43 20 -8 -5 -7 3 10 3 -3 
