29 19 8 13 15 14 5 0 7 7 
31 19 12 8 11 13 0 -2 3 4 
27 17 6 0 4 7 0 -1 2 -1 
30 16 5 3 5 11 3 2 7 0 
30 11 2 5 7 11 2 0 7 5 
32 15 3 3 12 5 3 0 6 6 
35 20 12 8 11 5 8 0 5 6 
31 20 12 13 14 11 8 1 3 3 
33 18 9 11 12 7 1 1 0 -1 
37 20 12 10 6 3 -2 0 1 0 
39 27 11 7 7 9 5 4 3 3 
36 27 8 8 10 10 11 8 1 5 
30 23 7 9 13 12 10 8 3 6 
35 27 14 9 14 15 7 5 2 3 
41 31 19 9 11 16 9 7 8 7 
38 30 19 14 12 14 13 11 11 9 
36 29 15 12 12 7 12 7 1 1 
37 25 18 10 6 5 8 5 2 1 
35 27 17 14 5 7 6 5 3 1 
31 22 8 14 6 4 5 -2 1 0 
36 23 11 8 9 5 2 -3 -1 1 
40 25 9 3 12 7 1 -1 1 3 
44 25 8 7 5 4 5 1 4 6 
46 28 8 9 2 7 4 3 8 8 
43 25 6 2 5 9 1 3 6 6 
41 22 1 1 7 9 -3 2 7 5 
51 31 7 8 10 9 0 2 8 9 
56 39 12 10 9 9 5 2 9 11 
50 36 13 7 6 11 7 5 9 10 
46 29 12 4 4 7 5 4 8 7 
