29 26 17 14 14 8 3 3 5 2 
38 29 14 14 11 7 1 2 4 5 
36 27 19 15 9 4 0 0 3 7 
35 30 27 18 9 11 8 6 4 0 
41 31 30 22 14 12 7 5 3 -1 
35 34 30 22 15 7 4 0 -2 1 
39 38 32 22 17 11 4 6 3 -1 
40 34 32 23 18 12 6 7 8 3 
37 29 15 10 8 0 1 -1 0 7 
42 33 23 14 14 8 4 0 7 5 
39 32 26 22 18 16 10 0 7 -2 
41 35 22 15 14 10 10 6 3 1 
41 30 21 17 18 13 8 6 5 4 
44 30 23 23 19 15 3 -2 2 -2 
38 34 27 19 19 13 5 -2 -1 0 
43 39 27 19 21 13 13 6 2 3 
46 37 26 19 17 14 13 9 3 2 
45 37 26 16 12 13 10 7 3 -1 
41 35 27 18 16 11 13 5 2 1 
42 39 27 25 23 15 14 2 1 3 
54 47 26 21 11 6 5 1 3 4 
47 36 21 15 4 0 -1 0 2 4 
41 36 22 20 14 10 5 2 1 1 
42 36 22 18 14 10 9 1 3 2 
50 40 28 22 13 8 8 1 -2 -2 
45 33 31 28 18 9 4 2 -2 -3 
42 30 29 22 18 8 1 3 -3 -4 
47 34 20 11 11 7 3 4 -1 -5 
50 35 20 15 13 10 6 7 4 -2 
46 41 30 24 17 17 6 6 3 2 
