30 34 23 13 6 3 6 5 0 -2 
33 36 26 15 7 3 3 5 4 -1 
36 35 20 13 10 7 0 4 1 2 
42 36 28 22 13 14 5 8 -1 3 
42 38 32 23 13 14 8 8 0 2 
37 38 27 20 10 7 8 8 3 -1 
36 39 24 20 17 8 6 5 3 1 
38 43 24 16 18 12 7 3 3 0 
40 37 21 15 12 10 5 2 0 -2 
42 37 24 25 12 11 6 2 -1 0 
41 43 32 24 14 15 12 3 1 -2 
42 41 29 19 14 12 11 4 3 -1 
41 40 25 19 15 6 4 5 4 0 
41 46 27 19 15 8 -1 4 7 -1 
41 36 26 18 12 12 6 3 1 -1 
43 36 29 25 19 15 12 5 1 -2 
43 40 31 24 19 8 8 10 2 -3 
38 29 22 14 11 4 9 13 -2 0 
39 29 20 19 14 9 10 9 0 -1 
45 38 29 28 22 11 4 5 3 -1 
40 44 33 28 19 8 2 1 2 -1 
38 37 27 20 15 9 5 5 0 -4 
44 36 27 19 18 12 5 7 -1 -3 
45 36 23 20 17 10 6 2 3 1 
39 33 24 17 14 10 4 3 5 2 
40 32 28 19 13 13 4 7 6 2 
42 34 28 22 12 10 6 9 4 0 
36 35 27 19 11 11 6 4 2 -2 
43 32 21 18 13 12 4 2 3 2 
46 32 19 17 17 9 4 2 4 2 
