26 25 9 4 5 6 2 3 0 4 
31 27 13 6 3 9 3 -1 1 4 
31 29 23 17 7 7 2 2 4 -1 
37 31 24 22 11 5 1 4 3 2 
41 31 23 23 17 7 -2 2 1 1 
40 36 28 26 19 12 1 0 1 -2 
40 41 29 28 17 13 8 5 5 -1 
43 41 31 31 15 10 7 3 1 -1 
43 39 26 25 11 9 7 0 -5 -3 
41 33 17 20 13 10 10 0 -1 -1 
41 30 20 23 17 13 11 2 3 1 
43 35 28 24 15 13 11 3 4 2 
43 42 31 23 13 11 5 2 2 2 
40 42 30 23 15 11 3 3 3 -2 
44 48 36 20 14 13 6 5 5 -2 
44 52 36 23 16 12 5 7 4 -2 
41 44 31 26 19 13 5 7 5 -1 
38 35 30 24 17 12 7 6 7 1 
41 41 34 30 20 13 9 4 5 0 
45 44 31 26 15 13 11 4 4 2 
40 34 23 18 11 12 11 3 0 2 
39 33 19 17 14 12 11 6 3 3 
42 40 24 19 20 12 9 7 4 -2 
38 38 28 23 22 13 9 9 1 -3 
35 32 25 21 17 12 7 5 3 0 
36 37 23 17 19 15 9 1 1 -1 
43 38 25 24 22 15 10 5 6 2 
42 36 28 24 18 15 7 9 8 4 
40 39 24 16 12 10 5 9 7 3 
44 36 20 12 11 9 6 7 6 4 
