33 26 13 13 11 10 6 4 6 2 
42 36 28 19 10 10 3 4 3 2 
43 37 30 21 10 11 -1 4 2 3 
37 34 26 22 11 8 -1 3 3 1 
32 33 29 22 14 7 2 7 2 -2 
44 37 27 21 16 4 2 9 3 -4 
49 39 28 20 12 3 4 4 3 1 
41 41 30 19 7 4 4 3 5 1 
45 44 28 22 10 10 9 5 5 0 
48 44 26 19 14 14 9 5 2 4 
46 41 27 15 17 17 7 3 1 3 
44 38 26 20 15 12 8 0 1 -2 
41 41 28 20 13 11 10 0 2 -3 
43 41 24 17 13 13 9 0 7 3 
49 41 26 22 16 12 7 5 8 3 
48 44 30 24 20 12 8 7 7 0 
43 41 32 23 19 7 7 4 7 2 
47 39 25 19 19 13 10 7 1 -1 
50 39 23 19 19 15 12 9 -3 -3 
38 36 27 20 13 14 8 6 2 0 
46 39 27 17 8 11 8 8 5 0 
49 38 24 16 9 8 7 11 3 -2 
40 35 22 18 13 12 6 6 1 0 
41 37 27 18 15 16 11 7 4 0 
43 44 30 17 14 13 12 7 2 -2 
51 46 27 19 14 14 9 4 0 -2 
57 46 25 22 16 14 9 3 -1 -1 
53 42 21 20 13 9 7 3 3 -1 
60 39 13 0 -5 -5 -3 3 6 1 
71 47 17 2 0 -4 -4 3 2 1 
