26 26 12 12 10 13 6 7 7 6 
31 22 14 15 6 8 3 8 6 7 
35 24 14 14 7 8 5 8 9 5 
30 27 20 16 9 12 7 5 5 1 
25 29 16 14 4 10 6 6 6 1 
23 22 7 6 4 7 6 2 4 4 
34 27 21 18 15 10 9 2 -1 1 
43 34 27 24 16 11 7 5 -1 2 
50 34 22 17 9 6 7 6 1 2 
43 38 27 12 12 4 8 10 1 2 
44 42 28 10 10 6 6 8 4 2 
50 42 25 17 9 10 9 6 5 3 
43 42 25 24 20 13 10 5 0 0 
44 36 28 20 15 9 4 3 -1 -3 
55 39 21 15 13 5 -1 2 0 0 
52 37 16 18 13 4 -2 -1 1 -1 
42 33 19 20 11 9 2 0 3 -2 
37 43 20 16 10 11 6 1 5 1 
33 44 24 24 18 17 8 3 4 -2 
44 41 23 13 8 11 5 3 3 -2 
44 38 24 14 9 8 7 2 4 -3 
33 34 27 24 13 10 9 4 3 -1 
42 38 27 17 7 10 8 4 0 0 
45 36 27 16 13 9 7 5 2 0 
35 30 25 20 14 8 4 9 6 3 
34 33 18 14 12 8 3 7 5 1 
30 29 13 9 11 4 4 3 1 -2 
33 28 14 17 17 8 4 4 4 -1 
34 29 20 20 14 7 1 1 4 -2 
41 37 32 21 12 6 7 6 4 0 
