40 33 22 21 23 15 4 0 0 2 
42 37 27 24 17 11 7 3 -2 -3 
42 36 30 19 15 6 6 3 -2 -2 
42 40 29 20 14 5 6 1 -2 -2 
43 40 25 15 8 6 9 2 -3 -1 
46 34 18 15 13 9 7 3 0 -2 
45 33 19 22 18 10 2 1 0 -3 
37 30 25 22 17 12 1 0 2 -4 
32 25 28 21 14 14 8 1 1 -4 
39 32 28 20 9 4 3 2 -1 -4 
41 34 25 17 9 1 -4 0 0 -2 
44 36 20 16 6 2 -3 -1 -1 -1 
49 40 13 9 7 5 1 0 -1 4 
51 41 18 11 8 6 1 -1 -2 4 
54 42 21 16 8 4 1 -3 0 -2 
55 41 22 16 12 8 3 -3 1 -1 
42 39 26 18 21 18 4 -2 0 0 
36 39 25 16 19 13 3 -6 -1 1 
36 35 24 16 13 10 3 -6 -1 1 
30 28 17 14 12 9 1 -2 0 3 
29 22 16 15 11 11 4 2 1 3 
20 17 13 17 10 10 8 4 2 1 
20 21 10 12 11 11 6 5 1 0 
25 25 10 6 11 14 1 5 2 1 
21 23 7 5 9 10 1 -2 3 4 
17 23 8 6 10 11 5 -4 1 2 
13 22 9 4 5 5 3 0 1 0 
20 27 14 11 5 8 5 2 2 1 
18 25 20 14 5 9 3 2 3 1 
26 19 21 19 16 10 6 6 7 3 
