28 28 20 21 14 8 13 9 7 10 
24 20 14 14 12 9 7 3 5 7 
24 27 16 12 13 12 9 6 6 6 
28 27 15 11 12 10 12 8 4 5 
26 16 11 7 2 5 8 3 5 5 
18 18 14 8 3 3 6 6 8 9 
22 21 13 13 10 9 9 4 2 3 
24 16 9 11 11 13 9 1 3 2 
17 15 11 3 11 14 7 2 3 2 
20 25 14 5 7 10 7 -1 1 0 
32 29 24 21 11 6 6 4 2 0 
44 29 26 18 11 6 4 0 -2 2 
57 36 20 11 2 4 6 -3 -5 -1 
58 41 21 12 3 2 4 -2 -5 -4 
56 47 27 13 9 5 3 -1 -1 -2 
60 47 25 13 8 7 0 0 1 -1 
58 41 23 18 8 9 -1 -3 -1 -1 
58 41 22 14 6 10 4 -2 -1 1 
59 41 21 11 5 4 3 -1 -2 -1 
53 40 19 12 6 1 1 0 -2 -3 
48 41 24 13 4 -1 4 -2 -3 -2 
43 37 25 17 10 1 1 -1 0 0 
44 42 19 16 15 6 1 4 4 -2 
46 43 21 19 12 8 -3 -3 4 -5 
46 38 23 20 16 10 -4 -6 -2 -4 
45 34 21 16 16 10 -1 -6 -4 -1 
45 39 21 13 14 11 -1 -4 -1 -1 
47 41 22 13 13 12 -1 -3 -2 -1 
43 34 24 22 18 4 -4 -5 -1 -1 
40 37 25 27 23 6 2 0 0 0 
