127 50 22 -7 6 -6 1 7 -4 3 
127 52 29 -10 6 -4 0 8 -5 2 
127 55 27 -13 12 -6 -2 10 -3 1 
125 58 23 -8 12 -3 -2 7 -3 -1 
127 59 25 -12 12 1 -4 6 -1 -3 
127 54 29 -17 11 3 -3 5 -1 -3 
127 55 26 -18 5 0 -4 4 2 -4 
127 56 22 -15 6 -5 -4 7 2 -3 
117 52 23 -10 4 -4 -6 6 2 -4 
127 53 19 -16 8 1 -5 2 -2 -3 
127 52 23 -20 10 3 -8 4 -5 5 
127 57 24 -19 5 3 -8 8 2 1 
126 56 23 -10 5 0 -7 7 2 -2 
123 52 28 0 7 -4 -10 5 1 -4 
125 48 30 1 4 -5 -6 6 -1 -5 
124 44 29 0 7 -7 -5 6 1 -1 
127 41 31 -3 8 -8 -5 6 5 1 
126 47 27 -6 3 -3 -1 5 1 1 
125 51 25 -7 6 -1 -1 4 -1 2 
127 50 39 -7 12 -5 -4 3 -3 4 
127 52 32 -7 17 -1 -1 1 -8 -1 
125 52 23 -6 15 -5 1 3 -9 -1 
120 51 27 1 16 -1 -3 -7 -11 -2 
105 43 33 3 10 -1 -11 -12 -6 -6 
80 33 37 13 17 0 -5 -2 -2 -9 
68 19 30 5 10 -4 -4 4 -2 -3 
65 20 35 3 5 -8 -2 2 -2 -5 
60 8 26 1 0 -7 -4 -1 0 -3 
65 8 31 3 3 -4 -3 2 -2 -2 
67 14 27 1 6 -3 -3 1 -2 -3 
