22 28 23 15 7 0 5 6 5 5 
17 28 22 9 3 2 4 3 5 4 
17 20 12 12 12 12 5 5 6 2 
20 19 11 12 3 2 5 6 6 1 
20 22 17 13 1 1 4 7 10 3 
23 27 15 11 10 13 4 4 4 4 
26 24 13 15 15 19 7 2 2 5 
19 18 22 12 10 16 2 3 4 1 
24 16 18 13 9 11 9 8 9 1 
21 15 14 13 10 11 10 8 8 3 
19 19 17 11 9 13 9 5 1 2 
30 28 18 10 10 7 11 10 4 4 
29 32 20 14 10 5 11 11 6 5 
25 30 17 17 9 6 11 12 7 7 
22 27 23 21 9 13 14 15 13 10 
24 25 22 23 13 15 11 8 15 8 
23 25 16 17 15 16 10 7 9 4 
24 26 16 16 15 14 10 10 5 3 
15 18 11 13 12 5 5 8 5 4 
21 15 16 18 11 8 9 10 6 4 
24 20 22 16 11 13 7 8 7 1 
18 22 24 12 10 12 4 4 7 0 
15 14 14 11 7 5 3 -1 0 -2 
26 24 21 16 9 8 7 5 5 6 
28 27 20 8 4 6 7 8 8 8 
31 24 15 9 6 1 5 8 7 6 
27 20 18 14 13 2 3 9 7 4 
17 20 10 11 8 1 4 5 2 0 
19 28 16 12 10 7 11 6 0 0 
19 25 16 15 13 10 9 3 4 5 
