47 35 6 0 -5 3 6 1 2 1 
46 28 2 -4 -5 -6 -1 -2 -1 -3 
39 24 4 -6 -2 -5 -3 -2 1 -4 
41 26 10 -5 -7 -5 -1 -2 0 -1 
40 26 5 -6 -8 -4 -2 -1 -2 1 
26 21 1 -5 -5 -5 -2 2 2 2 
29 24 1 1 -4 -4 2 5 1 1 
36 24 3 0 -5 -1 1 2 2 -1 
34 26 6 0 -2 -1 -3 -2 2 1 
39 30 8 7 2 2 3 0 -1 0 
38 29 14 10 10 5 8 5 0 -1 
38 26 10 7 9 2 5 10 5 1 
37 17 5 1 -5 -4 -5 1 1 -3 
38 27 14 5 -5 0 -1 3 3 0 
47 31 12 -1 -6 -1 0 0 2 2 
67 49 25 7 4 4 0 -1 -2 -1 
60 52 31 19 8 7 -1 -1 -2 -5 
44 39 29 27 10 10 1 -1 -1 -2 
31 24 13 16 10 9 5 4 -1 0 
31 19 15 14 9 7 10 6 1 1 
27 18 17 17 11 6 10 7 1 3 
21 22 13 13 7 5 1 1 -1 0 
42 19 5 3 -1 -6 -5 -3 1 6 
42 23 4 6 2 -4 -4 0 3 6 
27 27 8 10 8 4 3 2 2 0 
26 22 11 11 10 7 8 0 1 1 
22 20 17 18 10 12 14 6 6 8 
22 28 19 16 8 9 15 4 3 4 
20 22 13 12 10 5 2 11 6 -2 
26 20 16 15 7 6 1 9 2 -1 
