19 21 3 8 8 12 5 2 4 -4 
38 34 11 13 8 6 -1 -4 1 -2 
37 32 19 15 7 3 1 -2 2 2 
35 27 20 18 16 7 8 3 4 2 
41 30 20 17 16 6 11 5 -1 -2 
44 37 27 18 11 8 9 8 1 -5 
45 36 28 19 13 12 5 5 3 -6 
39 29 21 16 12 13 5 3 -1 -4 
41 33 26 19 13 13 7 6 -1 0 
42 34 29 19 15 13 7 4 1 1 
44 35 25 13 16 13 3 -1 3 -1 
52 43 29 18 20 13 2 0 3 -4 
53 46 30 22 21 12 6 2 -3 -3 
53 53 34 21 14 11 6 1 -3 -2 
52 56 34 22 17 10 6 3 -2 0 
45 47 30 22 22 17 13 11 0 1 
48 45 32 23 19 16 10 7 0 -1 
49 45 31 25 19 13 9 7 3 2 
43 42 32 31 22 15 12 5 2 3 
42 42 32 32 23 17 13 1 0 1 
47 49 31 27 19 20 8 4 3 0 
45 45 32 28 18 18 7 6 10 2 
42 45 33 31 18 14 8 6 8 0 
42 46 28 27 18 14 9 8 3 -1 
37 38 25 20 18 12 8 7 4 0 
23 25 17 12 12 8 3 0 2 -1 
25 29 17 18 12 6 3 5 5 4 
25 28 18 20 8 3 3 8 7 8 
21 20 16 16 8 6 4 5 5 8 
16 17 9 12 9 2 3 -1 -3 2 
