16 17 11 8 1 -2 3 3 7 4 
20 15 14 12 4 4 4 5 6 4 
25 15 9 10 7 5 1 5 4 1 
17 17 11 7 5 4 2 0 6 1 
18 24 16 9 5 9 7 -3 6 4 
24 26 15 8 8 13 9 1 4 7 
22 21 13 13 10 10 11 8 5 5 
29 19 14 15 9 7 5 3 2 0 
34 26 14 9 8 7 7 5 3 3 
25 28 8 13 9 4 10 8 4 6 
22 23 3 11 10 4 1 3 3 1 
25 22 12 13 13 11 0 4 4 1 
25 25 17 13 10 14 7 9 4 4 
25 30 17 14 8 11 13 9 7 8 
20 22 15 15 16 11 8 3 7 10 
24 26 16 19 17 17 10 4 5 6 
28 29 18 17 15 15 11 6 2 4 
29 22 14 9 12 8 7 2 3 6 
26 26 8 11 10 7 3 -2 7 8 
24 27 13 16 9 5 1 0 7 5 
25 24 17 14 14 8 7 7 9 4 
22 22 16 14 17 14 13 13 13 6 
19 19 19 13 11 13 13 11 7 4 
20 22 16 14 6 4 6 4 6 4 
23 23 14 16 8 4 3 1 6 5 
25 15 13 13 8 8 4 4 1 2 
20 12 6 11 8 7 4 4 3 4 
20 13 5 7 0 4 -3 -2 2 3 
21 17 12 5 3 5 4 1 3 1 
19 19 12 7 9 5 4 3 4 3 
