127 55 25 -14 20 -1 0 1 -8 3 
127 57 24 -10 16 4 -3 1 0 -1 
127 57 21 -10 20 2 -7 5 1 -5 
127 50 21 -5 17 1 -4 4 -3 -5 
127 46 27 -4 15 1 -3 4 -5 -5 
127 47 28 -6 16 0 -1 4 -7 -3 
127 51 28 -14 18 1 -1 6 -10 0 
127 54 30 -18 19 0 -6 12 -13 1 
127 54 27 -12 12 -2 -9 15 -11 3 
127 52 16 -9 4 10 -9 9 -7 -2 
127 52 17 -11 8 9 -5 6 -6 -1 
127 56 18 -11 9 -2 3 4 -7 2 
127 58 17 -14 6 -4 4 6 -7 3 
127 56 21 -7 1 -3 3 7 -5 2 
127 52 21 -8 4 -2 1 5 -6 3 
127 46 21 -13 8 -2 0 8 -7 4 
127 47 19 -13 8 2 1 8 -4 0 
127 46 21 -18 14 4 5 2 -8 3 
127 50 20 -12 12 0 7 1 -12 3 
127 55 21 -7 1 -1 4 5 -5 0 
127 54 26 -4 3 -5 -1 7 -1 1 
127 52 27 4 11 -10 -1 6 -6 0 
120 48 27 10 13 -2 -1 0 -12 -5 
113 45 28 14 16 9 -2 -7 -15 -8 
101 33 40 18 19 3 -3 -6 -13 -6 
80 23 41 15 10 -3 -3 1 -7 -4 
72 24 40 9 7 -8 -3 -1 -7 0 
92 41 53 23 16 -2 -2 -3 -9 -3 
95 41 50 23 12 -3 -6 2 -7 -3 
93 40 47 21 12 -2 -2 3 -2 0 
