23 28 9 14 20 10 9 8 2 6 
12 24 9 14 18 7 6 7 4 4 
17 24 15 16 12 7 4 2 0 1 
26 23 11 13 10 9 9 -1 -1 1 
22 25 7 6 10 5 4 3 -2 -1 
21 26 11 9 6 -1 2 5 -1 1 
27 24 8 8 7 -2 4 2 2 2 
22 21 11 11 8 -3 5 5 2 2 
22 19 12 10 5 -4 4 7 4 2 
27 22 14 1 3 0 -1 4 6 0 
21 22 13 11 8 5 2 4 3 -1 
27 21 16 11 7 4 2 4 3 1 
31 21 20 15 10 6 3 8 4 0 
34 29 19 19 13 8 3 6 1 -2 
35 33 23 13 9 10 1 1 1 0 
31 22 23 11 9 7 1 2 -3 0 
27 20 19 14 15 10 5 6 -1 4 
28 26 18 15 15 11 6 3 3 7 
26 22 16 18 13 7 5 0 1 5 
22 15 13 15 7 3 0 0 3 1 
30 20 17 16 8 7 6 9 7 6 
25 22 14 16 7 3 9 10 11 7 
22 25 16 14 7 5 6 10 12 3 
24 25 21 18 15 17 11 12 8 2 
23 23 16 16 17 14 15 9 8 6 
22 21 12 14 10 4 7 1 4 1 
21 20 15 20 10 1 0 -2 -1 -1 
25 19 12 11 7 1 3 2 -1 0 
25 24 9 2 -1 -3 1 -3 -3 -2 
29 29 14 8 8 2 2 2 3 2 
