17 17 9 6 8 -1 -3 -4 1 1 
21 21 10 11 12 0 -2 -1 3 1 
30 22 11 10 9 4 3 4 5 2 
27 23 11 7 11 5 2 7 3 3 
22 28 17 14 13 8 2 2 2 2 
26 29 19 15 9 9 2 2 4 3 
27 27 16 10 9 9 6 5 5 4 
20 20 7 6 9 10 7 6 8 3 
14 19 5 4 10 7 4 4 8 1 
16 24 13 9 12 6 9 8 13 7 
21 21 12 10 9 6 8 5 7 5 
24 25 15 17 10 6 5 5 3 5 
33 33 16 14 8 4 1 1 3 5 
33 36 19 12 10 1 5 2 3 9 
17 33 19 12 12 5 10 8 9 10 
17 23 19 17 13 7 5 4 3 3 
31 25 23 19 12 5 0 1 2 4 
36 30 13 16 12 9 3 0 5 2 
25 25 8 9 11 10 3 1 3 0 
23 27 20 14 11 11 8 4 4 1 
27 24 17 14 8 12 9 6 4 2 
25 19 14 10 5 7 2 1 -1 -3 
25 23 13 11 11 6 1 0 5 2 
22 20 12 13 15 9 6 6 10 9 
23 17 16 13 11 4 1 6 5 7 
20 13 12 11 2 -1 -5 0 0 1 
15 21 11 11 5 4 2 2 6 1 
17 24 13 11 7 5 4 3 9 3 
24 20 13 13 9 6 5 2 7 2 
16 18 9 9 7 9 7 1 6 3 
