25 21 16 1 0 2 5 1 1 4 
31 28 19 6 0 5 6 7 1 1 
34 33 14 15 11 10 7 6 0 -1 
32 37 14 17 8 10 5 3 2 3 
29 30 10 11 5 9 5 6 1 4 
26 20 6 10 8 12 8 8 3 6 
33 22 9 14 11 11 6 4 4 3 
34 29 11 16 11 8 6 4 3 3 
28 27 18 11 8 7 4 4 6 5 
24 19 11 2 5 4 2 0 2 0 
24 28 9 9 4 6 5 0 2 2 
21 26 12 12 4 3 6 1 2 2 
20 16 7 9 7 3 2 -1 -1 -1 
35 29 18 17 13 6 4 5 6 5 
35 34 18 19 14 7 3 5 1 2 
26 28 14 19 14 11 3 0 -3 1 
20 20 12 13 11 6 1 -3 -2 3 
28 23 14 9 9 6 -1 -1 2 4 
24 19 9 14 7 12 1 2 7 5 
23 21 8 15 6 9 -1 1 4 5 
30 23 14 14 7 9 1 3 3 5 
28 17 16 17 12 10 2 1 3 4 
21 19 15 13 9 3 1 -2 4 3 
16 25 18 12 11 4 4 3 4 3 
19 28 18 13 14 8 10 8 4 3 
24 26 16 11 9 7 8 8 6 4 
19 22 11 7 9 5 5 5 6 3 
20 25 12 10 7 5 6 4 6 3 
20 19 10 7 3 6 5 4 2 4 
17 14 9 3 0 4 3 1 1 2 
