18 9 15 13 4 5 -3 3 4 4 
15 13 16 16 9 6 0 2 5 5 
22 28 18 18 13 9 6 1 2 3 
30 31 19 16 9 11 9 7 2 4 
30 31 20 16 9 9 7 3 3 3 
35 30 17 16 10 11 3 -5 -1 0 
30 23 18 12 8 11 2 -3 -1 -2 
19 22 15 7 3 6 4 6 6 0 
25 21 10 13 8 4 2 4 5 4 
27 18 5 12 11 9 1 1 5 2 
21 19 10 6 10 13 8 5 9 7 
18 21 20 12 13 8 5 1 3 4 
22 19 12 11 7 3 0 0 1 2 
28 21 7 13 12 12 6 4 6 7 
17 21 11 19 20 16 9 8 8 6 
20 24 20 19 14 5 3 5 9 4 
26 22 16 13 11 7 5 2 6 1 
27 26 10 12 8 11 8 5 3 4 
18 21 9 8 5 4 2 5 4 2 
15 15 9 4 3 -1 -1 3 2 -3 
21 15 9 4 8 6 1 7 -3 -1 
22 16 11 10 10 8 5 8 1 4 
21 21 13 14 7 5 3 3 2 4 
20 23 11 8 6 6 0 4 2 1 
19 21 12 8 8 3 4 4 0 -1 
22 29 15 15 13 7 3 -3 -3 0 
27 29 17 20 14 12 1 1 3 3 
25 26 17 15 10 10 5 6 7 4 
44 40 27 16 6 6 4 0 0 0 
42 40 27 13 10 6 4 -2 0 2 
