24 20 6 18 7 3 6 4 5 0 
21 22 6 12 9 8 11 9 7 3 
17 32 14 21 16 8 8 8 3 4 
19 28 20 22 20 13 6 3 6 7 
40 34 14 4 7 6 5 4 2 -1 
47 42 17 9 8 4 5 7 -1 -5 
42 38 26 21 16 9 1 1 -1 -3 
56 38 15 4 3 6 8 8 2 -3 
58 40 18 5 -2 4 9 6 1 -4 
55 44 24 19 4 3 3 -2 0 -5 
61 46 19 17 10 1 -2 -5 -2 -3 
69 41 12 11 11 -5 -8 -4 1 -2 
74 29 8 17 11 -8 -13 -5 -1 -2 
80 26 6 17 11 -7 -14 -7 -3 -2 
82 28 7 17 10 -6 -12 -5 -3 -4 
87 23 10 16 3 -12 -13 -3 -5 -8 
89 20 12 11 -5 -16 -15 -3 -6 -8 
88 24 11 12 -9 -20 -14 -4 -5 -3 
89 25 8 12 -10 -20 -14 -8 -4 -2 
85 21 3 7 -13 -22 -15 -12 -5 -7 
79 15 0 5 -14 -26 -16 -15 -8 -7 
76 14 0 6 -14 -25 -19 -17 -8 -2 
73 16 1 8 -13 -27 -21 -17 -6 0 
77 20 1 5 -8 -21 -17 -13 -10 -2 
82 28 4 5 -4 -11 -10 -12 -11 -3 
80 32 5 4 0 -9 -14 -12 -8 -6 
78 32 5 3 -1 -9 -21 -8 -5 -6 
74 32 5 3 -2 -13 -20 -9 -7 -4 
70 28 2 -1 -5 -16 -22 -11 -11 -6 
75 28 7 2 -6 -13 -16 -9 -7 -5 
