32 27 19 11 10 8 6 5 7 8 
34 24 20 15 10 9 3 0 6 9 
22 18 15 11 12 8 7 0 0 7 
18 20 15 12 11 9 8 2 -3 1 
33 28 7 3 4 2 6 7 -1 -1 
45 33 16 12 9 7 9 11 3 0 
47 34 27 21 12 7 4 3 -2 -4 
44 37 32 18 7 1 3 2 -3 -3 
42 40 27 19 10 4 3 -2 -2 1 
49 46 23 18 9 3 1 -5 -3 -1 
58 44 22 14 5 0 1 0 -5 -2 
60 41 24 13 3 -4 -4 -2 -2 0 
63 47 24 11 -4 -4 -8 -3 -3 -2 
69 47 19 11 -3 -3 -9 -8 -5 -3 
73 42 18 15 1 -8 -14 -10 -4 -4 
74 37 22 16 -2 -13 -19 -8 -4 -4 
71 39 21 15 1 -10 -12 -9 -4 -3 
72 43 14 12 6 -5 -5 -6 -3 -6 
73 35 10 8 6 -9 -11 0 -1 -8 
67 28 6 5 -3 -15 -15 -5 -2 -8 
65 32 7 3 -13 -15 -11 -7 -5 -7 
63 37 10 -3 -14 -11 -1 -2 -11 -10 
59 36 8 -2 -9 -8 -1 -3 -11 -11 
61 41 10 0 -3 -5 -3 -7 -5 -7 
65 43 10 -4 3 -1 0 -9 -5 -4 
62 35 8 6 -2 -3 -2 -7 -7 -5 
60 32 8 8 -5 -7 -6 -6 -6 -5 
61 29 7 4 -1 -6 -9 -7 -6 -4 
58 24 3 3 -5 -9 -12 -7 -7 -7 
63 26 5 7 -3 -12 -11 -3 -1 -5 
