66 45 24 14 -4 -13 -13 -10 -3 -1 
71 42 20 13 -1 -14 -11 -10 -5 0 
72 40 20 9 -2 -12 -16 -14 -3 1 
72 37 18 8 -3 -10 -18 -14 -1 2 
73 38 15 13 -4 -13 -15 -8 -3 -1 
71 41 15 17 -2 -18 -13 -7 -4 -1 
70 39 17 14 -5 -13 -13 -8 -3 0 
68 37 19 13 -3 -13 -10 -6 -1 2 
66 35 14 12 0 -15 -10 -6 -2 1 
67 31 7 7 -4 -14 -8 -2 -5 -4 
73 34 8 5 -8 -15 -7 -2 -3 -3 
76 34 6 5 -8 -14 -8 -1 1 -2 
82 33 7 10 -4 -8 -8 1 2 -5 
84 37 7 10 2 -7 -10 -2 0 -2 
82 50 16 12 8 -2 -13 -6 -1 2 
77 58 27 20 13 4 -5 -5 -5 -5 
73 57 31 22 10 1 -2 -8 -5 -3 
59 54 30 16 0 -3 1 -10 -2 -5 
48 46 26 7 -1 -6 0 -8 -4 -5 
46 38 20 6 -2 -9 -5 -8 -9 -5 
46 40 21 11 -7 -10 -6 -8 -8 -5 
47 43 22 8 -7 -9 -5 -8 -7 -4 
47 44 23 9 -2 -8 -5 -7 -3 -3 
42 41 23 12 6 -6 -7 -8 -3 -6 
41 38 26 18 10 -3 -8 -6 -5 -9 
41 40 26 22 8 -3 -6 -2 -2 -8 
37 38 24 19 7 3 -2 -2 -1 -4 
29 31 21 11 5 9 3 2 0 3 
18 17 14 10 11 14 7 -1 1 2 
22 18 11 7 10 14 8 2 3 0 
