21 26 17 13 3 7 8 6 3 8 
25 31 17 12 6 10 10 6 3 8 
34 33 16 10 4 4 1 5 5 3 
30 31 13 7 2 -1 -2 3 5 1 
10 21 9 12 13 10 9 7 6 3 
31 32 18 19 11 6 3 2 1 1 
46 40 24 18 5 4 -4 -5 -2 -3 
41 37 24 11 3 9 -8 -8 -6 -4 
39 38 27 14 9 8 -7 -8 -7 -5 
46 45 32 18 13 1 -5 -8 -8 -5 
50 47 27 16 6 -2 -7 -6 -5 -3 
52 46 25 14 0 -10 -10 -6 -2 -4 
59 45 17 7 -3 -7 -8 -6 -4 -6 
58 43 16 0 -4 -5 -9 -6 -4 -5 
58 41 19 2 -5 -5 -9 -7 -6 -4 
57 44 20 6 -5 -6 -7 -7 -6 -6 
50 43 23 10 -4 -9 -10 -7 -4 -8 
43 34 18 10 1 -4 -10 -9 -4 -8 
30 31 11 9 2 1 -4 -4 -6 -7 
19 27 12 6 0 -1 -1 1 -5 -1 
19 24 13 3 2 -1 5 7 0 3 
22 19 4 1 7 6 7 8 3 4 
28 25 10 3 17 14 6 8 9 7 
22 26 20 8 12 9 6 8 6 8 
17 23 17 13 7 7 4 4 2 3 
20 22 14 17 9 9 7 4 6 4 
20 21 12 12 9 9 10 5 5 5 
18 24 14 8 9 12 10 8 4 4 
9 20 11 15 14 13 6 11 8 7 
14 23 13 16 13 9 7 9 4 0 
