127 59 23 4 1 -1 -3 -3 -6 -6 
127 56 15 0 6 7 -1 -5 -7 -3 
127 45 20 -11 10 2 -2 3 -8 0 
127 54 18 -10 6 -1 -1 4 -5 1 
127 55 19 -9 5 1 1 2 -5 1 
127 51 21 -8 9 1 1 2 -2 -2 
127 46 27 -15 14 3 -1 4 1 -5 
127 42 30 -13 13 3 0 5 0 -7 
127 38 27 -7 9 2 1 5 -1 -4 
127 40 24 -7 6 -2 2 7 0 0 
127 42 29 -7 9 -3 0 8 -1 -1 
124 41 28 -10 11 -5 -1 9 -2 2 
127 42 26 -13 10 -12 -1 15 1 1 
127 44 20 -9 5 -10 -1 12 -3 -2 
127 47 17 -7 4 -8 0 9 -3 0 
127 47 22 -9 5 -8 -1 11 -2 1 
127 42 25 -11 5 -5 -5 10 -1 1 
122 40 26 -11 4 -1 -9 7 4 -2 
116 41 31 -13 5 -3 -10 8 3 -3 
120 45 33 -15 3 -9 -6 12 1 -2 
127 47 26 -14 2 -9 -2 12 0 0 
127 46 22 -15 6 -2 -5 8 -1 1 
127 46 25 -21 13 2 -8 5 -2 2 
127 54 24 -25 12 7 -9 1 -2 2 
127 55 27 -17 15 8 -12 -2 -4 0 
127 60 34 -21 15 1 -7 3 -3 -1 
127 58 35 -18 10 -3 -6 2 -2 1 
127 55 29 -7 1 1 -7 3 1 -4 
112 53 32 2 6 3 -4 -1 -5 -6 
92 40 43 14 12 -1 -3 -8 -8 -5 
