21 23 13 17 7 7 7 1 -2 1 
25 23 17 15 6 8 8 5 1 2 
24 20 14 13 3 7 7 5 6 4 
27 20 9 8 0 5 2 -1 1 0 
29 24 19 14 9 6 5 2 -1 -3 
25 28 21 19 9 7 3 3 0 -1 
25 32 18 17 8 7 0 0 4 3 
38 33 19 14 11 4 3 0 -1 -1 
64 36 7 0 -5 -2 4 6 3 -3 
70 38 7 1 -4 2 6 3 4 -3 
63 38 14 4 4 5 8 2 0 0 
63 41 16 5 5 4 2 6 4 -3 
65 42 16 7 6 4 0 8 3 -5 
88 37 -1 -6 1 -2 3 15 5 -5 
99 33 -8 -7 4 0 2 12 6 -2 
95 38 -2 -1 7 1 6 9 8 -3 
85 47 12 8 9 2 7 8 6 -7 
83 51 14 8 8 6 5 4 2 -6 
84 49 17 6 3 5 4 0 -1 -6 
78 49 19 15 7 -1 0 -8 -2 -6 
87 48 10 6 7 1 2 -1 0 -8 
89 46 16 6 5 4 0 0 -3 -6 
81 50 24 14 8 4 -1 -8 -9 -8 
82 48 20 12 8 6 -3 -5 -5 -13 
79 44 20 15 8 8 -5 -3 -7 -12 
73 45 19 18 14 4 -4 -6 -9 -14 
71 44 15 12 15 3 -7 -7 -6 -13 
66 44 12 7 14 1 -6 -10 -6 -11 
63 45 11 9 13 -1 -6 -9 -7 -12 
69 43 15 11 11 7 -5 -11 -10 -12 
