75 17 -8 26 14 -4 -14 -8 -9 -12 
72 16 -8 25 18 -6 -15 -8 -7 -14 
71 19 -12 23 22 -7 -18 -7 -7 -15 
71 16 -8 24 19 -6 -16 -8 -11 -11 
73 15 -5 25 18 -6 -14 -8 -11 -9 
73 11 -2 26 14 -5 -12 -8 -12 -6 
72 10 -1 25 16 -7 -10 -9 -13 -5 
70 12 -3 24 20 -8 -10 -7 -14 -5 
70 12 -3 23 19 -7 -8 -7 -14 -3 
72 10 -2 21 17 -3 -7 -6 -12 -6 
72 12 -2 23 17 -3 -7 -4 -9 -9 
73 15 1 28 18 -4 -5 -5 -11 -8 
73 16 0 28 17 0 2 -6 -12 -7 
72 15 1 27 13 6 9 -4 -9 -6 
71 17 8 26 17 12 11 3 -8 -9 
71 23 8 30 21 13 11 3 -8 -10 
68 26 10 24 20 12 12 4 -5 -3 
66 4 -6 25 40 15 -3 -3 1 2 
51 -6 -11 31 44 20 -5 -7 -4 -6 
23 15 14 19 8 11 5 0 -2 1 
26 20 15 18 8 9 8 2 2 5 
25 25 17 12 10 6 6 5 3 1 
22 24 16 11 8 5 0 2 5 0 
23 19 11 12 7 4 0 4 2 1 
26 21 16 14 9 6 6 5 2 2 
18 19 16 14 10 4 7 9 6 5 
12 16 14 15 9 2 6 10 4 2 
21 14 13 21 15 15 9 7 3 3 
29 20 17 16 16 12 4 3 3 8 
42 40 30 16 13 4 -7 -5 -1 0 
