26 9 4 16 17 7 0 4 5 3 
25 10 2 14 19 7 0 4 3 2 
25 7 1 12 15 3 -6 4 5 1 
22 7 3 12 16 0 -7 4 8 3 
47 21 11 7 7 4 1 3 4 0 
96 33 8 15 14 7 0 -5 -8 -9 
115 34 4 23 16 4 0 -2 -11 -11 
110 34 11 23 11 5 -1 2 -10 -12 
104 36 6 20 8 5 1 0 -6 -10 
99 40 6 19 8 1 2 -1 -7 -9 
93 35 12 23 4 -3 6 2 -10 -8 
90 32 8 20 6 2 12 7 -7 -6 
90 33 11 19 9 2 8 4 -7 -6 
90 35 16 18 8 1 2 -2 -10 -7 
89 42 11 11 10 5 -3 -2 -7 -7 
81 41 9 9 9 1 -5 -2 -5 -6 
74 32 10 9 -4 -9 -4 -6 -11 -10 
70 31 12 12 -5 -10 -4 -9 -11 -10 
70 33 10 12 1 -10 -6 -9 -10 -7 
72 32 7 10 3 -8 -6 -8 -13 -7 
70 33 6 7 2 -10 -7 -9 -12 -11 
73 34 5 6 2 -8 -8 -8 -8 -8 
74 36 6 3 2 -4 -11 -8 -8 -8 
71 39 4 2 2 -3 -11 -9 -11 -9 
73 34 3 3 1 -5 -12 -9 -10 -9 
73 31 4 4 1 -6 -11 -13 -8 -7 
71 32 2 2 1 -4 -11 -15 -8 -5 
74 34 3 0 5 1 -10 -11 -6 -4 
82 30 -1 1 8 -1 -11 -10 -4 -5 
80 27 -2 4 4 -2 -12 -11 -7 -5 
