50 34 20 17 11 12 9 7 6 1 
65 45 24 23 14 10 0 -4 -4 -8 
80 53 19 21 17 13 6 -4 -5 -6 
81 53 20 19 15 13 11 1 -5 -4 
80 47 17 16 11 13 13 2 -4 -4 
90 52 13 13 15 16 13 0 -4 -6 
99 54 12 13 15 10 11 2 -7 -6 
102 50 13 14 8 7 11 2 -8 -8 
103 44 13 15 5 7 13 4 -8 -13 
104 45 12 13 10 5 12 5 -9 -12 
103 44 13 16 11 3 8 4 -7 -8 
104 46 13 18 7 3 6 3 -5 -7 
103 49 16 20 6 3 5 2 -6 -8 
90 44 20 24 11 3 6 1 -9 -9 
79 44 16 23 14 6 9 0 -7 -7 
66 42 25 25 12 6 6 -3 -5 -6 
55 37 23 20 10 6 7 -1 0 -4 
49 33 13 12 8 4 7 0 2 -2 
37 23 11 10 1 1 6 3 0 -2 
30 16 9 7 2 2 5 6 4 0 
36 17 2 8 4 4 3 6 4 1 
31 17 2 14 7 5 3 2 4 -1 
23 18 10 16 12 4 1 2 2 -2 
33 23 14 16 12 6 3 3 3 4 
33 24 18 16 8 8 2 3 0 4 
29 25 21 19 8 5 0 -1 -5 -2 
42 20 6 15 7 3 3 -3 -1 -3 
41 11 -4 13 10 1 1 -8 4 -1 
30 10 -7 10 13 1 -3 -6 7 1 
26 22 4 8 6 4 0 0 2 -2 
