93 58 28 23 18 13 6 2 -2 -7 
93 53 24 25 20 12 4 -2 2 -4 
84 47 25 27 21 13 6 0 2 -2 
81 51 34 29 20 13 6 1 -3 -5 
84 57 38 31 21 15 7 -1 -6 -7 
81 46 29 30 27 19 10 4 -1 -4 
76 43 26 28 26 18 10 5 2 -2 
78 46 21 22 22 17 14 4 0 -7 
79 46 18 20 20 16 14 4 -2 -7 
76 46 22 23 24 14 9 8 0 -5 
67 41 22 22 27 12 11 8 2 -3 
64 46 22 23 27 14 14 10 0 -6 
68 47 17 23 22 19 15 6 3 -4 
65 40 16 21 19 20 14 5 3 -2 
63 35 20 23 22 16 10 5 -2 -5 
58 31 20 25 24 18 5 0 -3 -6 
50 24 9 13 16 19 3 -4 -5 -3 
58 30 5 6 10 4 -2 -8 -6 -6 
68 33 6 4 12 4 -6 -9 -10 -9 
73 30 6 2 6 5 -6 -11 -13 -10 
72 30 2 -1 1 0 -6 -13 -17 -14 
74 34 0 -3 3 -1 -8 -13 -16 -14 
76 42 3 -5 2 2 -8 -12 -11 -13 
76 43 4 -4 1 2 -1 -14 -13 -12 
75 37 5 1 3 -2 -1 -11 -13 -13 
70 38 7 6 5 1 -7 -9 -13 -13 
63 42 12 8 7 -1 -8 -11 -11 -10 
63 39 15 8 5 -2 -8 -9 -11 -8 
58 39 17 10 7 -1 -8 -7 -10 -8 
50 41 22 13 9 5 -3 -7 -9 -9 
