27 33 12 17 14 1 4 4 2 3 
24 33 17 16 12 1 3 4 0 2 
25 28 20 14 6 5 3 1 -1 0 
25 29 18 16 8 6 7 1 2 0 
26 34 20 17 10 5 8 -2 1 -1 
30 25 17 18 11 8 2 -2 4 0 
31 22 14 13 11 8 0 1 4 2 
27 27 14 9 12 7 2 1 -1 -1 
28 19 13 12 14 2 -6 -4 0 -2 
29 17 16 17 7 -2 -6 -6 3 -1 
38 30 23 20 5 -3 -8 -11 -4 -5 
60 39 11 4 4 -3 -6 -9 -5 -7 
70 40 0 -3 5 -1 -9 -8 -7 -7 
70 33 0 -7 3 2 -8 -10 -9 -5 
77 43 5 -4 4 4 -1 -7 -7 -3 
77 48 3 -1 2 3 -1 -6 -6 -5 
69 41 2 -1 -1 5 -2 -9 -9 -5 
64 25 6 -1 4 2 -1 -3 -9 -3 
64 27 7 -1 4 0 -2 -3 -9 -5 
68 43 8 3 -1 -4 -8 -6 -8 -10 
68 39 10 4 2 -5 -8 -9 -6 -8 
68 37 10 3 1 -2 -5 -10 -9 -10 
68 38 9 4 -2 0 -6 -9 -11 -11 
68 45 5 5 -1 0 -8 -10 -8 -9 
69 45 6 4 -2 0 -6 -11 -6 -8 
68 39 7 2 -3 0 -4 -9 -8 -6 
63 38 9 0 -4 2 -4 -10 -9 -7 
63 36 9 4 2 5 -7 -13 -8 -7 
65 34 8 8 4 3 -9 -14 -5 -8 
60 36 11 5 5 1 -8 -14 -6 -9 
