60 40 17 11 4 -2 -4 -3 -2 -2 
30 25 17 20 12 10 5 2 3 0 
28 25 14 19 10 8 5 5 2 2 
26 21 13 19 11 9 6 8 5 -1 
25 22 17 14 11 7 5 1 5 0 
23 27 18 13 7 6 7 -1 3 4 
30 32 24 24 17 7 9 3 5 3 
38 32 22 23 15 5 8 3 5 3 
30 24 17 9 6 2 1 3 0 -3 
25 25 17 10 12 7 5 6 0 1 
30 29 15 13 5 7 10 -1 4 6 
30 26 19 14 1 4 8 -2 4 2 
29 29 19 18 10 5 11 8 8 4 
38 31 14 13 9 8 7 6 9 6 
46 34 20 10 9 12 7 1 1 3 
40 34 22 12 12 10 8 5 0 1 
32 31 28 18 9 8 6 11 7 7 
35 27 23 19 12 13 9 9 4 4 
43 30 17 11 12 7 4 3 2 1 
41 32 17 15 9 2 5 0 5 4 
40 35 19 17 9 4 6 0 5 2 
36 31 19 15 9 9 3 3 7 2 
30 29 19 16 6 6 1 5 9 3 
32 35 21 14 10 8 3 4 3 -1 
36 28 15 12 13 7 -1 1 0 -2 
34 24 6 8 6 -1 -3 -3 -2 -3 
33 29 14 13 10 4 4 4 4 2 
31 23 15 14 14 6 3 5 5 4 
35 19 12 7 7 7 -1 1 1 3 
39 27 14 10 5 10 6 6 -1 0 
