31 24 13 16 8 -3 -3 0 1 0 
24 24 10 22 11 1 0 -1 3 0 
22 23 12 19 13 4 5 4 4 -1 
22 17 15 17 13 5 9 9 3 -3 
23 18 15 14 11 12 10 5 5 3 
20 24 17 9 12 15 6 1 5 3 
18 28 18 11 9 4 -3 -4 -8 -6 
30 37 23 17 12 6 -2 0 -5 -3 
32 34 25 24 18 9 1 2 -1 -3 
29 28 25 29 21 7 3 3 -2 -4 
36 31 27 25 14 6 4 2 -2 0 
40 33 29 26 14 8 3 1 1 0 
3 -8 9 -2 11 7 -2 8 4 -9 
11 -1 14 1 13 8 -2 7 3 -10 
72 46 27 21 10 3 -2 -4 -2 -4 
52 50 33 28 20 8 4 1 -3 -4 
42 41 29 22 16 8 5 -2 -3 -1 
43 43 25 17 8 8 2 0 0 -3 
40 39 21 11 6 6 -1 -4 -2 -7 
39 44 29 20 14 11 4 -2 1 -2 
41 42 27 22 13 11 3 0 1 -1 
38 38 26 20 10 8 2 -3 0 -3 
32 36 31 15 11 6 3 -4 0 -4 
35 32 30 14 8 5 4 -3 1 -1 
38 34 29 21 8 7 2 -1 4 -1 
33 39 29 24 13 7 1 3 1 -6 
34 39 28 21 8 8 3 2 -3 -5 
34 39 25 19 10 7 0 -2 -2 -3 
33 35 20 15 12 2 -6 -3 -1 -5 
39 32 27 23 14 8 4 -2 -2 -1 
