72 37 -4 17 15 6 -2 -3 10 -2 
75 41 -6 16 19 4 0 -1 10 0 
74 41 6 11 20 7 -1 2 6 1 
69 38 4 10 16 12 -2 -1 3 0 
68 38 3 9 10 9 -3 -5 1 -2 
58 27 -10 20 16 -3 -7 -9 3 -5 
55 24 -9 21 16 -2 -6 -8 5 -5 
65 34 8 13 9 1 -1 0 3 -1 
57 -43 15 6 3 16 2 -2 3 -9 
61 -40 18 9 5 17 3 -1 3 -10 
75 39 9 16 17 4 -1 1 2 -3 
63 16 11 10 15 9 -10 1 13 -5 
67 20 13 11 15 10 -13 -2 10 -8 
73 34 8 6 9 7 -1 1 -2 -5 
86 -12 -1 20 12 9 -7 -12 -2 -1 
87 -11 -3 21 10 9 -8 -13 0 -2 
76 15 -6 9 10 7 -6 -7 4 1 
70 20 -8 -1 5 3 -5 -7 4 -1 
47 -17 -1 -2 21 10 -11 -2 3 1 
46 -15 7 7 30 15 -9 -3 2 1 
62 33 10 13 21 13 3 3 7 2 
58 37 18 23 15 10 5 6 8 5 
54 37 26 20 7 13 3 5 6 3 
40 33 24 22 17 17 9 4 7 2 
33 34 19 19 13 12 8 8 9 5 
32 31 20 13 11 8 5 10 3 2 
33 35 23 15 15 8 2 5 0 -1 
76 47 12 7 13 7 -7 -6 0 -4 
83 46 14 13 11 8 -3 -8 2 -4 
84 59 34 19 10 6 6 -5 0 -7 
