96 38 44 12 8 -1 -6 -6 -11 -2 
97 35 39 11 10 1 -4 -7 -9 -2 
90 25 39 12 9 0 -1 -8 -5 1 
89 25 41 13 11 1 -5 -10 -6 0 
90 28 38 10 9 1 -4 -3 -3 -2 
88 25 44 7 10 -2 -2 1 -4 -4 
90 26 46 5 12 -4 -3 0 -5 -6 
91 22 42 -1 10 -6 -4 0 -4 -1 
91 15 37 -6 11 -1 -5 2 -7 -1 
90 17 36 -8 12 0 -8 4 -3 -2 
121 49 18 -11 -2 0 -3 1 -3 -1 
127 55 18 -7 7 -2 -3 3 -5 2 
127 58 24 -4 5 -3 -2 3 -2 0 
125 57 28 -2 5 -2 -1 5 -2 -3 
127 50 29 -7 9 2 -2 5 -3 -3 
127 53 27 -6 9 -4 2 6 -3 -1 
127 56 23 -5 9 -12 8 6 -4 4 
127 49 23 -4 11 -10 5 7 -3 1 
127 48 25 0 6 -9 1 10 -1 -4 
127 49 26 -3 2 -6 -2 12 0 -6 
127 46 25 -3 5 -7 -5 13 2 -6 
127 46 23 -2 5 -7 1 10 1 -5 
127 52 21 -13 5 0 5 5 -3 -1 
127 53 22 -14 2 -4 8 6 -7 3 
127 61 18 -9 0 -12 11 7 -6 4 
127 65 16 -19 8 -5 -1 5 4 4 
127 54 19 -16 8 -6 -5 9 5 1 
127 50 22 -15 2 -4 -9 13 7 -2 
127 48 22 -16 5 -3 -11 13 7 0 
127 42 26 -15 9 -4 -9 11 4 1 
