52 48 30 22 15 9 1 3 1 4 
36 38 26 22 14 17 5 6 4 2 
28 34 21 23 14 13 3 5 5 1 
28 31 16 20 14 8 3 6 5 0 
26 27 11 11 13 7 2 5 0 -3 
23 28 14 14 12 5 3 3 -4 -1 
42 36 16 6 1 -3 2 1 2 3 
49 38 14 11 8 1 0 2 3 2 
76 48 18 19 16 14 2 -6 -5 -5 
73 51 18 15 15 14 6 -6 -7 -2 
73 55 22 8 8 4 0 -8 -6 -3 
75 56 26 11 8 5 -2 -5 -5 -2 
49 47 29 22 13 12 10 8 3 2 
38 38 22 17 13 13 9 1 1 -1 
48 39 20 5 10 4 4 -2 -5 1 
52 39 24 15 16 3 3 3 -4 -1 
44 38 26 26 19 6 2 5 -1 -3 
42 31 19 18 11 7 4 -2 0 1 
33 29 17 14 10 6 4 -1 2 -4 
31 29 17 14 9 4 4 3 4 1 
30 30 28 18 13 2 -1 3 4 4 
26 31 27 15 10 4 0 3 7 0 
24 29 16 11 6 7 2 2 9 2 
28 26 14 12 5 5 3 6 8 2 
23 21 11 8 5 1 -4 3 0 -3 
25 32 17 19 19 11 6 8 1 1 
25 31 19 17 15 13 11 7 -1 3 
22 21 18 3 4 0 2 1 5 4 
17 24 15 6 1 -3 0 2 4 3 
19 27 12 8 8 3 4 3 -1 -1 
