47 37 25 13 8 11 6 4 2 -1 
47 46 30 18 15 10 4 2 -1 1 
44 46 29 22 15 8 5 -1 -2 3 
37 33 23 17 10 0 2 -3 0 2 
32 30 20 15 11 1 2 3 1 0 
36 27 13 18 14 7 4 4 -1 -3 
36 26 14 13 16 8 2 4 1 -1 
30 35 16 8 13 10 0 2 3 -4 
33 32 16 18 13 9 2 1 2 -3 
30 26 22 22 12 9 4 2 1 -2 
33 26 18 11 7 5 1 -3 -2 -4 
35 28 14 12 8 4 4 -7 -2 -1 
42 33 17 13 6 2 3 0 3 1 
51 40 24 20 13 6 3 5 8 4 
51 43 27 23 16 10 3 3 4 1 
77 52 25 13 8 9 4 7 6 2 
81 52 24 14 12 8 4 6 6 4 
68 51 29 20 16 10 7 3 6 4 
58 51 31 23 20 13 10 4 7 1 
49 42 24 20 16 9 7 4 5 4 
46 33 24 19 14 10 4 2 2 1 
42 34 25 19 19 12 3 -1 -1 -3 
44 38 24 20 18 12 9 4 2 0 
51 42 28 21 15 13 11 2 2 3 
52 50 26 18 12 14 8 -1 2 1 
59 38 13 24 21 13 0 -6 1 -5 
59 37 15 26 20 14 -1 -5 0 -7 
55 44 22 19 16 16 4 -4 -4 -2 
55 46 17 19 22 10 6 -4 -3 1 
46 46 19 20 21 6 3 1 0 3 
