45 43 30 20 11 8 5 1 0 -2 
45 46 29 24 17 5 1 1 -1 -2 
37 27 18 20 19 7 -1 0 -1 0 
49 31 23 23 16 4 -2 -2 -3 -5 
48 39 28 24 12 7 0 1 -1 -5 
31 36 23 18 17 12 5 1 5 2 
30 30 19 16 14 5 3 2 3 1 
38 31 17 18 12 7 1 2 2 -2 
37 30 15 14 12 6 1 2 4 -1 
40 31 18 13 12 6 1 0 -2 -4 
38 31 20 17 16 6 -2 -3 -4 -2 
30 25 16 18 11 5 -5 -4 0 3 
34 28 15 18 8 4 -2 -4 -3 -2 
37 30 22 14 10 8 -1 -3 -2 -1 
41 34 27 18 11 8 1 -4 0 1 
37 36 25 19 12 3 2 -4 1 0 
41 37 26 23 13 9 4 3 7 3 
53 35 18 20 12 11 4 2 7 3 
58 37 22 22 13 14 10 5 5 6 
60 40 22 18 19 15 9 4 -2 5 
73 50 19 9 17 7 2 2 -1 2 
80 52 18 15 12 7 2 5 3 0 
81 46 15 19 16 7 1 3 4 0 
85 47 17 14 16 6 2 3 7 3 
86 49 16 11 15 9 3 2 6 3 
86 51 16 16 19 13 4 2 5 2 
84 54 16 15 18 11 4 5 5 2 
84 49 11 9 17 10 3 0 7 3 
83 49 14 10 16 11 1 -3 5 3 
71 40 20 15 12 9 4 4 -1 -5 
