29 33 15 10 8 8 7 6 4 2 
27 33 16 8 4 7 9 8 -1 -1 
18 29 14 7 7 7 4 3 2 -1 
22 21 17 12 8 6 2 2 2 -2 
17 18 11 22 13 12 -2 5 5 -3 
19 23 3 18 14 9 1 7 8 -2 
24 22 6 12 10 7 7 5 5 1 
24 19 14 13 11 9 5 3 5 2 
28 30 14 14 10 9 3 1 2 2 
43 44 25 21 12 6 0 -1 -6 -4 
54 44 32 23 15 6 3 -2 -4 0 
57 48 31 23 16 6 5 -6 0 0 
57 50 30 22 11 2 1 -6 -4 -3 
57 50 32 23 5 -2 -3 -9 -8 -3 
60 49 38 21 7 -3 -12 -10 -7 1 
69 52 29 17 10 2 -11 -7 -3 -1 
73 54 23 19 13 -1 -8 -6 0 -2 
74 50 23 19 12 -3 -5 -5 0 -2 
59 23 9 5 0 -1 -3 -3 1 1 
0 0 0 0 0 0 0 0 0 0 
0 0 0 0 0 0 0 0 0 0 
0 0 0 0 0 0 0 0 0 0 
0 0 0 0 0 0 0 0 0 0 
0 0 0 0 0 0 0 0 0 0 
0 0 0 0 0 0 0 0 0 0 
0 0 0 0 0 0 0 0 0 0 
0 0 0 0 0 0 0 0 0 0 
0 0 0 0 0 0 0 0 0 0 
0 0 0 0 0 0 0 0 0 0 
0 0 0 0 0 0 0 0 0 0 
