34 29 17 14 14 12 10 7 5 4 
27 30 17 17 14 21 12 10 11 7 
25 27 17 23 18 19 6 8 11 6 
27 27 15 18 16 11 4 7 6 5 
28 34 22 18 17 10 10 6 5 6 
30 27 16 15 13 6 8 5 5 9 
23 27 12 18 8 9 9 6 5 10 
21 27 17 19 12 12 6 6 6 7 
30 26 20 11 11 10 4 6 5 4 
25 29 20 15 10 5 6 6 4 1 
22 24 19 16 11 4 6 4 5 5 
28 26 15 13 7 7 11 9 8 6 
22 24 10 9 5 4 8 9 5 1 
68 -33 -9 -6 12 16 1 -1 4 -6 
79 -22 1 3 18 21 5 1 4 -6 
58 50 34 27 18 11 7 1 -3 -3 
80 54 23 6 -1 0 7 7 7 -5 
88 57 23 7 1 0 4 10 7 -4 
99 48 12 7 3 2 7 6 6 -2 
111 46 9 6 2 -2 3 7 7 -3 
120 48 9 6 3 -4 3 11 7 -4 
122 53 7 7 3 0 7 13 6 -4 
111 57 13 5 6 6 10 11 6 -4 
103 60 24 9 4 5 12 10 0 -8 
100 62 27 11 5 6 14 10 -7 -8 
98 60 25 9 5 8 13 11 -6 -5 
99 59 19 8 2 5 6 8 0 -7 
107 60 12 5 -3 5 6 6 4 -9 
109 60 15 4 -5 6 8 6 6 -8 
104 55 16 8 2 3 5 5 9 -4 
