42 33 18 6 2 1 -4 -4 -6 -3 
50 32 24 12 4 3 1 -3 -7 -2 
47 35 19 13 2 2 -2 0 -3 -4 
43 36 17 11 1 -2 -5 -2 -4 -6 
41 35 21 8 -2 -3 -2 0 -7 -7 
44 34 19 3 -1 1 -3 2 -5 -5 
48 39 20 6 2 2 0 1 -3 -1 
47 39 20 9 1 -1 1 1 0 0 
58 42 22 6 -7 -4 -1 0 -3 -7 
60 41 15 4 -8 -5 -1 0 -1 -5 
61 39 6 -1 -4 0 1 6 8 -2 
71 41 8 -2 -7 -1 0 8 9 -2 
77 46 8 -1 2 -6 -2 4 7 2 
82 42 3 -5 5 -9 -3 7 9 0 
77 39 4 -5 0 -7 -1 8 12 1 
74 43 14 1 0 -1 3 8 10 0 
88 44 9 -1 -3 -2 3 8 10 -3 
96 46 3 -4 -4 -5 2 9 8 -7 
99 41 -1 -7 -4 -7 -3 9 10 -8 
106 42 -1 -7 -4 -6 -2 9 8 -8 
106 46 -3 -6 -6 -9 1 8 6 -6 
104 46 -2 -9 -5 -10 1 7 7 -5 
105 45 -3 -6 -3 -7 -1 8 5 -3 
110 43 -6 -2 -5 -11 -3 8 8 -3 
110 40 -3 -4 -2 -11 -4 6 8 -4 
109 38 -2 -6 -4 -8 -2 8 6 -5 
106 40 -1 -5 -6 -6 -3 9 6 -6 
105 43 -2 -6 -5 -5 -2 9 5 -6 
117 48 -5 -4 -3 -8 -2 8 7 -6 
120 51 -6 -3 0 -6 -2 7 7 -6 
