99 41 -1 -7 -4 -7 -3 9 10 -8 
106 42 -1 -7 -4 -6 -2 9 8 -8 
106 46 -3 -6 -6 -9 1 8 6 -6 
104 46 -2 -9 -5 -10 1 7 7 -5 
105 45 -3 -6 -3 -7 -1 8 5 -3 
110 43 -6 -2 -5 -11 -3 8 8 -3 
110 40 -3 -4 -2 -11 -4 6 8 -4 
109 38 -2 -6 -4 -8 -2 8 6 -5 
106 40 -1 -5 -6 -6 -3 9 6 -6 
105 43 -2 -6 -5 -5 -2 9 5 -6 
117 48 -5 -4 -3 -8 -2 8 7 -6 
120 51 -6 -3 0 -6 -2 7 7 -6 
121 54 -2 -3 0 -8 1 6 7 -5 
121 55 1 -1 -2 -8 2 6 7 -6 
119 55 6 2 -1 -3 2 8 6 -9 
117 56 8 0 -1 -3 -1 10 7 -7 
111 55 7 -1 -1 -1 2 11 6 -4 
93 50 11 8 2 -1 8 9 3 -4 
75 49 15 13 4 0 4 7 6 -2 
61 51 22 13 3 0 1 7 6 1 
42 39 20 19 12 8 5 8 3 1 
27 29 26 16 13 16 9 8 4 3 
22 26 29 11 14 15 10 6 4 5 
24 22 14 11 16 8 7 10 8 1 
25 18 13 11 12 9 7 7 7 2 
19 24 15 7 10 9 5 2 7 2 
15 23 12 4 11 9 7 1 4 3 
19 18 15 10 9 5 6 4 3 3 
23 25 19 17 8 5 2 5 4 -1 
28 22 14 13 8 8 6 6 5 1 
