76 57 27 10 13 13 6 4 -2 -3 
73 55 29 14 9 9 4 6 -3 -2 
67 53 26 12 10 7 8 2 -2 -4 
65 55 23 14 13 9 10 0 -2 -4 
70 57 25 18 9 10 8 3 -4 -5 
76 46 21 20 10 9 3 1 -3 -4 
71 44 20 16 14 9 3 -2 -3 -5 
68 50 19 16 13 8 6 4 -1 -9 
73 47 16 15 12 6 3 7 2 -4 
76 48 14 9 12 12 7 5 -2 -5 
76 49 14 10 12 12 7 2 -3 -5 
74 48 21 16 12 9 4 -1 -4 -4 
76 49 21 17 14 9 4 0 -5 -7 
74 50 22 15 16 12 5 -1 -2 -5 
71 53 23 13 8 11 5 4 1 -4 
73 56 18 11 6 8 3 5 1 -9 
68 57 22 13 6 8 4 4 -2 -10 
66 49 26 20 8 6 1 0 -3 -6 
65 47 29 22 13 9 4 -3 -3 -4 
60 54 34 23 14 12 6 0 -3 -4 
58 55 31 22 16 10 5 2 -1 -3 
50 50 28 20 17 10 0 2 -2 -5 
53 52 34 23 14 7 -2 0 -1 -7 
53 52 36 24 13 5 0 1 -2 -6 
49 49 34 23 17 9 2 2 -3 -6 
50 53 35 26 19 10 0 -1 -6 -6 
49 58 38 30 17 6 -1 -5 -5 -5 
47 53 33 24 17 5 3 -3 -4 -8 
46 47 32 17 12 7 3 -3 -3 -7 
47 44 26 17 11 10 -1 -6 -4 -3 
