65 43 21 15 11 11 5 -2 -7 -5 
63 44 21 15 12 12 6 -1 -8 -8 
60 57 33 17 12 13 5 2 -7 -12 
65 55 27 13 15 12 10 2 -8 -14 
67 55 24 11 13 7 8 0 -7 -11 
66 55 25 13 18 9 2 -3 -6 -6 
64 55 23 18 25 12 4 -3 -8 -6 
70 53 22 16 18 11 3 1 -5 -6 
70 53 25 13 15 11 3 4 -4 -4 
73 52 21 7 14 19 9 4 -4 -8 
77 51 18 6 10 14 9 -2 -4 -9 
73 53 21 14 8 11 7 -3 -7 -5 
68 53 27 20 12 13 4 -1 -7 -7 
68 54 27 21 12 9 6 2 -3 -9 
68 57 26 14 12 9 9 5 -3 -12 
69 58 24 11 8 14 11 3 -4 -9 
70 55 28 16 9 16 12 3 -8 -6 
68 53 32 20 12 12 9 3 -5 -7 
67 56 29 21 10 9 9 2 -3 -8 
69 59 27 16 4 7 9 -1 -6 -7 
66 52 24 10 2 6 2 -2 -3 -7 
61 48 26 14 9 10 3 2 0 -4 
54 51 29 23 12 10 7 0 -4 -7 
56 50 32 23 11 4 4 -2 -6 -9 
63 49 27 16 11 6 5 -3 -5 -10 
59 48 23 12 9 12 6 -2 -2 -10 
55 48 27 18 13 18 9 4 -1 -9 
55 52 28 24 18 17 9 2 -4 -8 
56 50 32 29 14 10 9 0 -4 -5 
56 53 33 26 10 5 9 1 -3 -3 
