72 50 26 14 -1 2 0 -7 -4 -5 
74 51 23 17 3 1 1 -4 -1 -5 
75 49 21 16 4 3 2 -4 -1 0 
68 50 23 13 4 7 4 -4 -2 -1 
58 43 26 14 3 7 6 0 -1 -4 
55 33 21 11 1 4 -1 5 2 0 
56 35 18 10 3 3 -6 1 3 1 
56 38 19 11 -5 -3 -8 -6 5 2 
69 50 21 10 -4 -6 -6 -2 5 3 
79 55 23 9 -2 -3 0 -1 2 1 
85 51 26 17 -4 -3 3 2 0 -5 
86 49 27 17 -6 0 5 5 -1 -7 
83 50 32 12 -4 1 10 4 -3 -6 
79 48 35 16 0 1 8 2 -1 -7 
69 46 34 21 3 3 4 2 0 -6 
66 45 30 20 0 1 -1 -4 -2 -2 
65 44 26 12 2 0 -2 -4 -4 -1 
48 41 27 15 8 4 3 2 -3 0 
37 34 24 18 11 11 6 2 -2 1 
30 19 14 13 10 7 5 -2 -2 -2 
26 20 17 15 9 5 1 -2 1 -2 
27 26 15 11 11 9 2 -1 1 -2 
27 22 16 12 10 7 6 0 4 0 
25 18 14 13 7 4 5 1 6 3 
24 25 14 10 5 3 5 3 6 6 
24 25 18 13 4 0 3 4 9 9 
16 16 17 11 2 -1 0 -2 6 4 
18 22 17 13 7 4 3 1 4 -1 
26 28 15 11 8 4 3 7 4 -1 
23 29 15 7 9 8 5 7 6 3 
