32 31 14 12 9 13 11 3 3 -1 
34 31 14 17 15 11 5 -1 2 0 
22 17 9 10 10 11 5 0 -2 0 
20 16 9 12 10 9 5 0 2 -3 
26 22 15 17 14 6 4 3 6 -1 
25 27 15 15 12 6 8 3 3 0 
18 20 12 13 11 10 6 -3 5 0 
24 19 16 15 10 8 5 -2 5 1 
28 27 15 13 13 9 11 4 3 0 
24 23 13 14 15 9 8 5 2 0 
23 23 14 16 9 4 3 4 2 0 
31 32 18 24 14 6 6 2 1 0 
39 39 27 26 18 9 8 1 -3 -1 
54 46 34 17 6 6 3 -1 -4 -4 
60 43 25 15 1 0 -1 -1 3 -4 
62 -15 -14 21 3 -11 -7 0 13 -6 
63 -13 -12 21 4 -12 -8 1 12 -6 
58 36 14 6 -3 -8 -2 2 4 -3 
65 37 14 7 -5 -11 -1 1 2 -5 
74 38 14 8 -5 -13 -4 1 3 -3 
77 39 14 7 -9 -13 -3 3 3 0 
73 38 15 7 -12 -12 0 7 5 -2 
75 39 13 5 -10 -9 -1 7 2 -4 
81 40 10 1 -7 -8 -4 5 0 -4 
82 30 6 7 -8 -12 -1 2 -2 -2 
83 23 6 13 -9 -11 0 1 -1 1 
85 26 11 12 -9 -14 1 3 -2 -1 
87 25 12 10 -10 -14 0 3 -4 -4 
85 19 11 11 -11 -11 -4 1 -2 -2 
83 21 8 10 -7 -12 -5 0 0 -2 
