75 37 13 9 -3 -8 -3 -6 -4 -6 
72 38 15 8 -1 -6 -4 -5 -4 -3 
74 37 15 8 -1 -7 -5 -2 -6 -3 
73 39 12 6 -3 -8 -3 -1 -6 -3 
75 36 8 9 -3 -9 0 -2 -8 -5 
78 33 8 14 -1 -10 -2 -5 -5 -4 
78 35 11 14 0 -9 -6 -6 -3 -2 
80 38 11 14 -1 -9 -6 -5 -6 -3 
76 38 10 11 -2 -9 -6 -5 -5 -5 
75 35 8 8 -3 -8 -6 -7 -8 -5 
78 33 9 12 -1 -8 -7 -5 -6 -3 
78 25 8 12 -1 -6 -7 -5 -5 -5 
77 28 6 10 -3 -5 -5 -6 -6 -8 
81 32 4 7 -2 -7 -3 -8 -9 -3 
89 31 6 11 1 -8 -4 -9 -10 -6 
81 34 12 12 5 -5 -8 -7 -9 -12 
71 36 12 6 5 3 2 -3 -7 -5 
86 33 10 11 0 -5 1 -3 -5 -3 
88 37 14 14 3 -7 -4 -4 -8 -6 
77 52 19 17 15 -3 -4 -4 -9 -12 
59 59 32 17 12 2 3 -2 -5 -7 
54 46 32 19 9 3 3 -1 -4 -5 
33 33 24 21 10 3 6 4 0 2 
27 26 17 14 13 4 6 6 6 6 
20 18 9 9 8 1 3 3 7 1 
20 20 12 15 13 1 5 -1 5 4 
22 24 15 13 14 2 3 0 3 4 
19 26 18 10 8 1 2 5 0 -1 
23 24 16 9 5 0 3 2 2 0 
22 25 18 9 8 7 8 1 4 3 
