21 32 23 15 8 6 4 4 5 1 
23 26 20 12 10 6 7 8 4 0 
28 21 16 11 13 7 3 8 6 4 
30 19 7 11 9 10 -1 2 4 0 
34 28 9 11 6 4 4 -1 2 -2 
63 39 0 6 2 -4 1 -2 4 0 
65 38 5 4 0 -1 -2 -4 5 -1 
63 28 3 2 0 -7 -6 4 11 2 
64 29 -1 4 1 -9 -6 6 9 2 
44 36 20 10 8 2 -1 -4 -3 -5 
53 24 9 6 16 5 -4 -10 -6 -4 
57 27 9 6 11 1 -10 -11 -7 -3 
55 39 9 1 0 -5 -11 -7 -3 -4 
46 38 3 0 -2 -7 -4 -4 -2 0 
46 47 21 9 -2 -9 -9 -5 -6 -4 
53 44 22 11 -4 -10 -16 -7 -5 -5 
53 42 22 8 -6 -11 -14 -8 -4 -5 
52 42 22 6 -6 -10 -11 -9 -6 -4 
55 42 16 4 -1 -7 -6 -8 -11 -8 
58 39 15 7 2 -2 -5 -7 -6 -9 
56 38 19 16 2 0 -6 -11 -5 -5 
52 36 19 6 2 0 -4 -7 -6 -4 
54 38 19 4 3 0 -6 -7 -4 -5 
56 42 21 9 0 -4 -8 -8 0 -7 
58 41 18 11 0 -6 -8 -6 1 -7 
56 40 18 12 1 -10 -8 -2 -1 -7 
57 44 26 11 -2 -12 -7 3 1 -6 
61 44 20 7 -1 -4 -4 -2 0 -2 
62 41 13 9 -1 -5 -6 -3 2 -1 
62 38 16 10 -5 -6 -6 -1 1 -3 
