27 25 11 12 4 0 3 -3 -5 -4 
20 26 19 13 6 4 1 -2 0 -1 
22 30 19 10 5 3 -2 -1 5 0 
26 28 17 10 4 1 0 -1 1 2 
28 25 16 12 4 5 5 2 0 3 
35 20 13 10 7 5 0 1 -5 -2 
30 18 13 8 6 1 -5 -2 -8 -5 
23 23 20 9 5 1 -3 -3 -4 -3 
40 29 13 5 -2 -1 1 3 4 -1 
44 33 13 5 0 -2 2 1 1 -2 
53 41 22 14 7 -6 -3 -3 -3 -4 
64 45 19 16 4 -9 -8 -5 -2 -9 
67 40 13 9 0 -3 -9 -10 -5 -10 
67 43 17 10 0 -1 -7 -9 -10 -11 
65 50 23 11 -4 -4 -7 -10 -8 -10 
63 45 20 6 -5 -6 -11 -11 -9 -8 
63 36 10 5 -4 -7 -12 -9 -12 -9 
60 34 9 6 -6 -7 -9 -7 -10 -7 
63 46 15 7 -4 -12 -8 -4 -5 -10 
66 47 15 7 0 -6 -11 -4 -7 -11 
69 41 16 5 -4 -3 -7 -3 -10 -8 
66 41 17 4 -9 -9 -2 -2 -10 -8 
53 43 16 0 -9 -18 -12 -4 -8 -7 
54 49 15 -1 -4 -13 -13 -6 -4 -4 
57 49 17 0 -7 -7 -5 -8 -9 -10 
59 44 14 3 -8 -2 -2 -8 -12 -14 
59 42 15 6 -4 -2 -2 -7 -13 -11 
60 39 18 9 0 -8 -3 -3 -9 -6 
61 42 20 8 -3 -7 -4 -2 -5 -5 
59 42 18 9 -5 -4 -6 -7 -3 -5 
