48 20 -5 -8 10 11 2 0 7 0 
23 27 13 7 12 7 9 1 4 4 
22 21 11 7 9 10 6 0 3 1 
17 17 13 9 9 6 3 -1 3 0 
23 22 16 12 13 9 2 1 2 3 
23 20 17 13 14 11 4 2 0 2 
16 20 14 5 6 6 6 3 4 2 
19 25 14 3 6 7 1 -1 2 -1 
24 20 14 9 5 4 2 -1 -2 -1 
25 22 12 14 2 3 7 2 0 4 
49 36 23 19 6 6 2 0 -3 -4 
78 35 6 3 -1 -2 -4 1 6 1 
89 27 -6 -1 0 -9 -8 4 7 -1 
87 33 4 5 4 -4 -3 7 8 0 
67 49 24 15 7 8 5 6 0 -4 
71 51 18 15 12 5 4 8 4 -4 
96 41 -4 2 7 -3 -6 6 11 -3 
96 38 -3 5 2 -3 -5 5 9 -4 
76 52 23 17 3 2 4 0 -6 -7 
80 53 16 15 7 4 6 -2 -7 -9 
80 48 16 16 7 3 2 -1 -4 -10 
74 45 23 15 5 0 -4 -1 -4 -7 
71 44 16 6 3 1 -4 -5 -9 -10 
74 40 10 2 -1 -3 -3 -7 -7 -9 
69 24 0 1 -7 -14 -7 -6 -5 -10 
69 27 1 4 -4 -9 -3 1 -3 -7 
64 39 6 -5 -5 -3 2 -6 -10 -6 
54 32 3 -15 -11 -8 -4 -13 -17 -10 
52 32 5 -8 -9 -6 -3 -6 -13 -12 
51 35 2 -6 -4 -5 -4 -8 -8 -13 
