33 -8 14 5 9 -17 10 -7 1 -3 
29 -8 23 0 3 -18 4 -13 -3 -5 
30 -15 28 -2 -4 -19 3 -14 -8 -6 
38 -24 33 7 -11 -9 9 -17 -11 -2 
41 -33 37 19 -6 -7 12 -22 -9 -1 
9 -29 36 28 -3 -10 14 -20 -3 0 
-4 -13 50 31 -10 -18 7 -18 -5 -5 
-16 9 51 30 -15 -20 8 -16 -5 -9 
-21 23 49 25 -10 -19 3 -23 -12 -14 
-13 24 51 18 -12 -21 4 -18 -18 -12 
-11 20 53 21 -17 -19 6 -15 -13 -6 
2 15 45 23 -15 -7 2 -16 -13 -6 
5 10 39 14 -9 -3 3 -9 -11 -5 
16 15 53 19 -12 -3 2 -11 -21 -12 
117 28 2 -6 -5 5 2 -5 -6 1 
115 23 5 1 -4 3 5 0 -2 2 
117 27 19 5 0 5 6 3 2 3 
121 32 39 3 6 1 1 0 6 8 
127 31 48 11 6 4 3 2 -5 8 
127 19 32 24 12 -10 -5 5 2 8 
115 11 26 21 7 -7 -7 1 5 8 
108 3 36 20 4 0 -4 -1 4 10 
103 -6 41 19 -1 -9 3 -2 -2 12 
101 -5 38 16 -2 -16 2 -3 -4 12 
103 -7 28 5 -2 -14 -2 1 -3 10 
112 -8 30 15 5 -9 -2 12 -7 1 
117 -6 38 23 7 -8 3 13 -7 1 
114 4 45 26 0 -12 9 12 -3 8 
106 21 41 25 6 -3 5 2 2 8 
107 27 41 30 14 2 0 1 8 4 
