21 29 16 10 6 6 6 4 4 6 
21 27 13 13 12 10 4 4 5 3 
22 22 11 10 6 6 4 0 5 1 
18 22 9 6 5 0 0 0 2 1 
70 54 22 14 9 -10 -12 -2 1 -2 
96 44 4 5 3 -11 -6 1 1 -2 
94 42 1 7 0 -8 -6 0 3 0 
89 41 1 4 2 -2 -5 1 8 -3 
89 40 5 3 3 -3 -2 -1 4 -4 
100 38 1 4 2 -7 -7 0 12 1 
107 34 0 4 2 -8 -8 4 8 -1 
100 38 3 5 4 -8 -3 5 5 -4 
88 38 9 13 4 -7 4 5 1 -6 
91 27 1 10 6 -9 1 8 5 -4 
90 29 2 7 8 -5 -1 9 9 -4 
78 39 16 13 7 3 2 6 4 -6 
76 45 17 12 6 0 -1 2 6 -5 
70 50 25 18 7 -1 -4 -3 -1 -3 
81 42 15 12 2 -4 -4 4 5 -4 
84 38 12 10 -2 -6 -4 -3 3 -3 
74 45 13 10 -1 -6 -4 -9 -5 0 
68 42 11 8 -1 -4 -2 -6 -6 -5 
63 40 14 10 -2 -4 -3 -5 -8 -12 
53 34 13 10 -1 -1 -2 -7 -12 -16 
57 36 12 6 -6 -7 -7 -9 -11 -12 
67 40 11 8 1 -13 -11 -7 -9 -8 
66 37 10 11 4 -10 -11 -8 -10 -8 
65 37 12 12 4 -7 -11 -9 -12 -10 
73 39 12 5 -1 -7 -9 -6 -11 -8 
72 39 8 3 -4 -8 -6 -7 -9 -6 
