22 25 22 12 9 2 7 3 2 2 
24 25 20 15 10 0 9 6 3 -1 
25 29 18 13 9 -1 7 7 3 -1 
31 30 16 12 9 4 5 2 -2 -2 
24 24 7 10 11 4 -4 -7 -8 -6 
24 27 11 11 12 9 0 -3 -1 0 
24 30 17 12 11 6 3 0 1 0 
21 29 16 11 13 3 3 -1 -4 -3 
27 25 12 6 10 -1 0 -1 0 0 
60 50 25 12 6 -2 -5 1 4 3 
70 45 15 7 1 0 -7 3 7 2 
91 46 6 0 -5 -4 -7 2 6 1 
91 50 6 1 -2 -5 -2 2 5 3 
65 41 12 14 8 4 3 4 5 1 
70 42 14 17 4 -1 -1 3 3 -1 
78 40 14 11 4 -4 0 1 -1 -3 
78 38 13 4 4 -3 0 -1 -3 -3 
73 47 15 5 5 1 -3 -3 -1 -6 
67 49 19 9 5 0 -5 -1 1 -5 
89 32 -1 4 3 -8 -6 6 8 0 
92 32 0 4 4 -10 -4 5 7 0 
73 52 23 9 2 -8 -3 -4 -3 -4 
70 52 26 15 -2 -8 -5 -7 -3 -6 
63 48 22 18 5 -4 -7 -7 -5 -7 
58 48 14 13 8 4 -2 -6 -10 -11 
59 44 12 11 5 -2 -6 -6 -8 -15 
67 41 13 12 2 -6 -7 -8 -9 -13 
72 39 14 11 -4 -4 -5 -5 -6 -6 
65 42 20 7 -6 -6 -6 -3 -2 -4 
61 43 16 1 -6 -3 -5 -5 -2 -4 
