91 28 -1 10 11 0 -7 2 2 -5 
89 28 -1 12 10 -5 -10 -4 0 -5 
87 29 -3 16 10 -6 -11 -6 3 -3 
87 35 1 17 11 -1 -13 -6 4 -2 
87 35 -1 14 8 -5 -9 -1 2 -3 
90 35 3 13 9 -4 -8 1 2 -4 
91 36 8 13 9 -5 -8 -3 4 -2 
88 36 6 12 5 -6 -10 -4 5 2 
91 29 -1 11 9 -7 -16 -2 4 2 
90 29 3 10 12 -8 -14 -1 3 2 
88 35 7 13 9 -10 -8 2 2 1 
90 37 5 17 7 -9 -8 1 0 0 
88 37 3 13 7 -8 -11 -1 2 1 
89 34 -2 14 12 -6 -13 -1 1 -2 
95 34 -1 17 14 -1 -10 -1 2 -3 
96 35 -5 18 16 -2 -6 -1 3 -1 
93 35 -2 15 18 -3 -8 -2 0 -3 
91 31 5 21 18 -2 -13 2 0 -9 
85 30 10 26 18 2 -7 3 -2 -8 
78 39 17 24 21 7 3 2 -2 -7 
75 51 17 20 21 11 1 -1 0 -5 
76 47 7 8 11 8 6 8 6 -4 
64 38 6 1 2 3 5 12 10 -1 
54 41 21 8 3 4 4 11 6 1 
34 31 21 13 9 9 8 5 -2 -2 
26 22 17 14 11 9 9 3 1 0 
18 23 19 14 13 8 8 4 4 1 
15 24 16 12 5 3 7 4 -1 -2 
25 28 18 18 9 7 6 3 -3 -3 
25 32 17 15 9 7 6 1 -3 -3 
