117 33 -11 0 10 4 3 11 2 -6 
117 33 -8 -1 6 5 6 11 4 -8 
114 30 -6 4 8 8 6 13 7 -7 
114 31 -8 6 15 8 2 11 6 -6 
114 32 -8 10 17 3 -1 7 3 -6 
103 33 -4 11 17 3 -1 4 2 -7 
101 36 2 17 22 4 -5 -1 4 -8 
107 35 4 17 20 3 -4 -3 2 -8 
101 26 -2 15 21 6 -6 -5 -2 -8 
100 25 -6 20 25 5 -7 -8 -3 -10 
102 30 -1 22 26 3 -10 -10 -3 -9 
100 31 6 19 28 1 -14 -9 -4 -9 
95 29 7 13 21 3 -9 -6 -4 -11 
88 32 4 10 19 8 -5 -5 -4 -9 
85 44 13 12 16 10 -4 -5 -3 -8 
71 48 22 17 19 15 -4 -7 -2 -4 
57 38 24 21 20 13 2 -3 -5 -4 
37 25 22 18 9 8 5 3 -1 -1 
39 26 22 21 12 12 1 1 5 4 
35 26 24 27 14 12 2 2 5 3 
35 31 21 21 12 6 1 4 3 2 
35 30 21 17 13 7 -1 3 2 -2 
29 25 24 19 11 11 0 -2 2 -4 
37 29 21 12 3 5 1 -1 1 -2 
44 29 10 4 1 3 5 0 -5 -5 
46 27 14 7 7 9 6 0 -1 -3 
40 31 21 11 12 12 11 4 -1 0 
45 36 21 13 13 11 8 2 -3 -2 
44 34 22 18 16 10 6 -1 -4 -3 
34 30 22 19 15 9 10 2 -2 -3 
