31 27 19 16 7 7 7 -3 -3 -6 
31 35 27 19 6 1 -1 -6 -4 -7 
39 38 22 18 12 8 -2 -10 -7 -8 
44 37 22 19 13 7 -3 -11 -8 -10 
43 39 23 17 11 7 -3 -13 -11 -11 
48 40 23 18 12 10 -4 -12 -9 -10 
48 40 22 17 10 9 -5 -12 -7 -8 
46 37 24 15 4 3 -5 -9 -8 -9 
44 41 33 16 0 -1 -4 -6 -6 -6 
46 48 30 16 1 0 -1 -10 -7 -4 
49 47 24 10 2 1 -3 -8 -4 -6 
51 43 24 8 1 3 -3 -9 -3 -8 
62 38 8 3 -3 4 3 1 1 -6 
71 42 6 8 2 10 2 0 2 -3 
76 41 10 17 12 16 -4 -9 -3 -2 
81 42 10 15 20 11 -6 -6 0 -5 
95 46 1 5 12 6 -5 1 4 -7 
96 40 -2 9 10 1 -1 3 0 -7 
90 36 1 12 14 -1 -2 1 1 -4 
93 40 7 8 13 4 -9 -3 4 -4 
91 35 8 11 14 3 -10 -6 0 -4 
90 25 -4 15 12 -2 -11 -6 -2 -4 
95 25 0 20 14 -3 -13 -4 -4 -9 
95 33 3 22 13 -4 -12 -4 -6 -12 
89 38 6 21 11 -6 -12 -5 -4 -9 
89 36 11 21 14 -3 -15 -8 -3 -8 
96 33 11 21 15 -1 -15 -9 -6 -6 
99 33 5 20 15 -3 -13 -7 -5 -2 
97 38 6 15 16 -4 -15 -7 -1 -3 
102 34 3 15 17 -5 -15 -6 1 -4 
