53 26 18 18 -3 -9 -2 -4 -2 -2 
52 31 21 21 1 -7 -5 -3 -5 -1 
51 30 26 20 -2 -9 -1 0 -3 2 
54 28 22 16 -6 -8 0 0 -3 4 
62 29 24 20 -8 -6 -3 -3 -3 1 
70 26 23 24 -6 -12 -7 -3 1 2 
77 19 18 21 -7 -12 -4 -4 0 2 
77 18 20 19 -8 -11 0 -3 -2 -2 
68 22 19 19 -6 -10 1 -2 -5 -6 
58 23 19 22 -3 -10 2 -5 -11 -10 
60 21 18 20 -3 -12 3 -6 -9 -10 
65 23 13 18 -6 -11 -2 -5 0 -6 
70 21 19 23 -8 -12 -1 -3 0 -3 
70 17 24 26 -5 -7 0 -1 -1 -1 
67 23 27 29 6 2 4 3 0 -1 
67 41 29 30 16 5 2 1 -1 -5 
55 48 36 33 15 6 5 1 -6 -9 
46 47 31 24 17 9 5 -2 -8 -5 
36 38 24 18 9 10 3 -3 -5 -7 
28 34 26 22 5 9 3 -1 0 -8 
29 29 26 23 12 8 4 -2 0 0 
28 29 18 17 13 12 4 -1 -1 2 
23 29 14 12 9 13 7 -1 -2 0 
18 28 18 13 9 10 7 1 4 0 
17 24 13 17 11 9 4 3 10 5 
30 23 10 16 5 9 1 -1 1 1 
24 24 14 12 3 6 0 1 -4 -3 
19 27 17 12 9 7 2 2 0 -1 
25 30 17 7 11 7 2 1 3 2 
21 23 15 5 5 5 2 4 0 1 
