67 30 16 17 4 -4 -2 -6 -5 0 
71 29 12 15 0 -8 -4 -7 -7 2 
58 16 8 7 -5 -8 -3 -1 -4 -5 
57 16 9 7 -6 -8 -1 1 -2 -5 
70 34 19 15 -2 -9 0 -5 1 -3 
69 31 17 18 -2 -6 1 -4 -5 -6 
67 22 18 16 -9 -8 -3 -9 -4 -6 
64 23 19 14 -7 -6 -2 -5 -4 -2 
64 28 23 20 1 -3 -1 -3 -8 -4 
66 28 19 18 6 -3 0 -5 -7 -5 
69 32 14 18 3 -5 1 -5 -7 -4 
69 36 22 21 -6 -9 -1 -3 -6 -7 
69 32 23 18 -8 -14 -3 0 -9 -8 
74 23 17 18 -6 -17 -10 -2 -9 -10 
74 22 21 19 -7 -16 -13 -4 -6 -6 
69 24 22 18 -7 -21 -15 -8 -6 -3 
63 21 18 19 -7 -24 -17 -11 -8 -5 
59 22 21 24 -3 -17 -7 -8 -12 -7 
58 22 20 25 1 -10 -1 -7 -16 -12 
66 24 13 19 -5 -10 -2 -6 -8 -9 
72 24 13 20 -4 -11 -2 -3 -2 -5 
72 25 20 22 -3 -11 -5 -1 -1 -1 
68 27 19 21 -1 -9 -2 -1 -2 3 
64 29 16 23 8 -3 1 3 -3 0 
61 39 29 38 14 0 -2 1 -5 -9 
56 45 42 40 18 5 0 -2 -4 -11 
50 52 41 32 18 14 2 -4 -5 -10 
38 45 32 27 17 13 2 -1 -4 -7 
31 38 28 21 14 4 0 -3 -6 -5 
26 35 21 19 13 1 0 -5 -8 -6 
