66 36 26 21 0 -8 -2 -7 -8 -5 
71 38 32 25 -7 -12 1 -6 -8 -7 
73 31 26 24 -10 -12 0 -6 -6 -8 
75 25 18 19 -12 -16 -1 -5 -7 -9 
73 25 20 17 -16 -19 -2 -3 -8 -10 
69 24 23 18 -15 -19 -8 -5 -5 -8 
66 22 20 22 -12 -15 -11 -13 -8 -4 
60 17 24 25 -7 -10 -5 -16 -16 -7 
55 16 25 24 -3 -4 1 -12 -14 -12 
66 28 23 15 -9 -5 -1 -5 -4 -7 
73 31 22 17 -4 -9 -2 1 -2 -6 
70 29 24 26 0 -12 -4 -2 -1 0 
64 27 22 24 -1 -8 -3 0 1 0 
61 35 22 22 6 1 2 2 0 -3 
61 51 31 27 14 9 5 -4 -5 -7 
54 56 34 31 18 10 3 -2 -4 -9 
44 49 33 29 19 9 3 1 -1 -5 
36 36 25 20 15 5 3 0 -1 0 
32 32 17 12 12 6 2 0 1 4 
31 30 16 12 7 7 2 -1 3 1 
21 22 13 3 1 -3 -5 -5 -3 -5 
27 25 11 7 9 0 -3 -2 1 -3 
32 29 10 13 9 6 1 -2 -1 -6 
28 30 17 13 8 6 3 0 -4 -8 
24 28 16 15 7 2 4 0 -4 -7 
23 28 16 20 10 4 3 3 -1 -2 
25 31 20 20 12 6 2 0 -3 -3 
28 29 18 16 12 4 0 -3 -1 -2 
31 29 18 16 12 4 0 0 5 4 
30 35 20 17 8 5 -1 0 1 5 
