58 23 11 12 -8 -7 1 -1 -3 -2 
62 26 16 12 -7 -7 -2 -8 -7 -8 
63 23 17 13 -3 -6 -3 -11 -9 -5 
61 21 11 8 -3 -5 -2 -6 -7 1 
60 28 12 15 -6 -7 -3 -10 -10 -2 
57 28 23 24 -5 -9 -2 -9 -10 -7 
55 29 24 25 1 -8 2 -6 -11 -11 
54 29 21 22 2 -6 2 -7 -14 -10 
55 28 21 18 0 -2 -3 -7 -12 -10 
58 27 22 26 2 -4 -6 -4 -5 -11 
62 29 29 27 -3 -13 -9 -3 -4 -7 
64 34 32 26 -3 -14 -11 -4 -5 -4 
68 33 23 20 -6 -14 -6 -2 -7 -5 
70 25 15 18 -10 -20 -8 -5 -8 -8 
74 22 14 19 -12 -20 -8 -7 -9 -7 
73 21 16 19 -11 -22 -5 -8 -11 -8 
68 23 19 22 -11 -24 -6 -7 -12 -8 
65 17 18 26 -9 -21 -5 -7 -15 -12 
68 14 15 24 -4 -14 -1 -5 -15 -13 
77 15 14 22 -4 -7 -1 -4 -9 -6 
78 19 14 19 -6 -5 1 -6 -3 -3 
73 25 17 18 -7 -5 2 -4 1 -2 
64 26 20 22 1 -3 -2 1 4 -1 
65 35 23 28 17 6 -5 -2 0 -7 
69 46 28 30 22 11 -2 -6 -5 -9 
67 46 31 30 21 9 -1 -3 -6 -9 
59 42 30 21 16 9 -2 -4 -11 -11 
56 40 25 12 10 10 -2 -5 -12 -12 
51 40 19 12 14 8 1 -10 -11 -14 
48 39 20 17 15 5 -2 -11 -14 -13 
