46 23 16 19 5 -10 -1 -2 0 -5 
42 25 18 22 0 -7 -3 -2 -7 -12 
50 29 19 15 -2 -7 -7 -6 -7 -6 
52 26 20 19 2 -8 -4 -7 -8 -5 
53 27 21 22 2 -5 -2 -7 -8 -7 
56 29 23 20 0 -7 -5 -9 -10 -5 
54 34 22 17 -4 -9 -8 -8 -9 -7 
58 30 18 13 -4 -10 -8 -2 -6 -10 
58 22 16 16 -4 -11 -6 -6 -9 -9 
54 20 18 19 -2 -12 -5 -12 -14 -13 
59 21 17 13 -3 -14 -2 -8 -11 -11 
60 22 18 16 -4 -7 2 -2 -7 -5 
68 28 20 19 -5 -5 -1 -1 -4 -3 
72 31 16 15 -3 -9 1 -3 -3 -4 
75 28 12 17 0 -11 -2 -1 -3 -5 
79 26 14 21 2 -6 -8 2 2 -6 
73 30 17 23 4 -1 -5 1 3 -5 
64 40 26 31 14 0 -5 -6 -3 -5 
60 47 37 33 23 6 -3 -4 -5 -6 
55 51 35 28 24 8 3 -1 -5 -6 
43 40 26 27 17 7 8 1 -3 -4 
32 32 19 14 7 5 4 0 1 -4 
32 35 15 10 7 5 5 3 1 -4 
29 30 17 12 10 7 4 5 -2 -4 
31 30 19 12 14 10 6 4 -4 -7 
36 27 16 11 13 10 4 2 -1 -4 
37 25 16 16 10 3 -1 1 0 -3 
31 28 20 23 11 2 0 3 -5 -3 
24 26 23 20 12 8 4 2 -2 2 
26 27 22 21 13 9 2 -3 0 1 
