37 26 16 10 -1 -6 3 0 0 7 
41 21 10 9 2 -5 -3 0 -1 -2 
43 16 10 10 0 -2 0 0 -3 0 
34 12 9 10 0 -4 1 0 -6 3 
30 17 8 6 -2 -8 1 2 1 4 
36 15 15 12 -5 -11 -1 -2 2 3 
38 16 23 17 -5 -12 1 -4 0 3 
41 21 21 11 -6 -10 1 -5 -2 3 
48 26 17 10 -7 -7 -4 -4 -5 -1 
41 23 20 13 -10 -12 -4 -2 -5 -4 
41 19 20 11 -8 -13 -5 -5 -5 2 
55 20 9 10 -1 -1 -5 -10 -7 4 
67 26 9 14 3 0 -5 -10 -6 -3 
66 34 16 15 3 -4 -8 -11 -6 -6 
64 33 23 21 2 -5 -10 -13 -6 -8 
70 31 25 26 5 -8 -10 -9 -6 -10 
79 31 19 24 8 -7 -14 -10 -4 -5 
86 37 15 21 7 -4 -14 -11 -4 -7 
88 31 14 22 -1 -9 -8 -7 -7 -14 
85 24 15 19 -1 -11 -7 -5 -9 -14 
86 24 16 16 -4 -14 -6 -3 -10 -9 
94 21 15 19 -6 -11 -3 1 -4 -6 
95 16 11 22 -4 -10 1 0 -3 -4 
78 21 13 16 -5 -7 -1 -1 -5 -4 
78 23 15 17 -7 -8 0 -3 -8 -5 
92 16 14 22 -4 -13 2 -5 -14 -5 
92 13 16 25 -5 -10 0 -3 -14 -7 
90 13 16 25 -8 -11 -1 0 -12 -10 
93 14 5 20 -5 -11 1 -2 -10 -13 
95 12 1 22 -1 -15 3 0 -10 -7 
