34 24 20 20 14 7 8 6 1 1 
40 26 27 18 15 8 12 9 5 4 
36 26 24 19 15 13 12 8 6 6 
30 22 11 18 12 11 12 4 3 4 
32 26 16 21 10 10 10 2 2 2 
27 26 20 17 6 3 5 3 3 -1 
19 30 17 13 11 12 10 11 13 5 
15 26 15 12 14 14 10 15 14 7 
21 24 14 12 12 8 7 11 8 5 
32 38 20 17 11 11 7 5 5 4 
38 41 22 18 14 12 -1 0 -2 -4 
41 42 24 20 14 6 -5 -4 -6 -9 
41 44 31 20 16 5 -3 -3 -5 -7 
52 13 5 17 22 10 0 -3 -7 -8 
52 11 2 16 18 6 -1 -7 -10 -10 
48 25 12 19 15 7 0 -12 -12 -12 
36 39 28 15 9 2 -10 -15 -10 -13 
43 45 32 14 13 4 -8 -14 -10 -8 
45 45 31 16 10 3 -5 -9 -11 -10 
42 47 29 13 8 -2 -4 -8 -12 -11 
45 50 23 13 3 -6 -9 -12 -12 -13 
47 44 23 13 -4 -4 -10 -12 -14 -16 
46 44 25 6 -2 -1 -11 -13 -14 -12 
54 54 27 11 5 5 -8 -14 -12 -6 
57 53 25 12 3 3 -10 -13 -11 -7 
58 49 21 9 -3 -1 -11 -13 -10 -7 
61 50 18 9 -5 -3 -8 -15 -11 -8 
60 49 21 4 -3 -3 -9 -15 -12 -10 
64 47 19 2 0 -1 -11 -14 -10 -10 
76 52 15 0 9 7 -8 -8 -9 -8 
