29 29 13 10 11 5 -6 -3 0 -3 
32 21 10 9 10 5 -12 -5 -6 -8 
23 22 14 8 6 1 -5 -4 -7 -6 
25 30 22 13 5 1 2 4 0 -3 
35 32 17 16 8 6 -1 -1 1 -4 
32 30 11 20 12 6 1 -4 0 -3 
30 28 10 16 12 4 4 -3 -1 -2 
26 22 10 7 7 2 0 -5 -2 -2 
26 23 15 12 9 2 -1 -2 0 -3 
31 31 14 16 9 3 -1 0 -1 -2 
32 35 17 17 5 5 -1 -2 -3 -2 
32 31 19 15 8 5 0 -2 -4 -5 
27 27 14 18 14 5 5 0 -4 -6 
17 25 16 14 14 7 -1 2 1 -4 
23 28 23 17 17 11 2 3 3 0 
33 35 24 17 11 8 9 1 0 1 
30 36 21 14 8 4 6 4 1 1 
23 26 16 13 10 0 1 2 -2 -1 
22 20 13 9 10 1 -2 -6 -7 -1 
32 27 15 13 10 7 4 3 -1 1 
30 25 19 17 8 7 8 4 4 4 
29 23 17 17 10 9 12 2 2 4 
27 26 17 17 16 9 5 1 -1 -2 
26 28 21 19 16 11 2 0 -3 -3 
25 31 20 19 10 12 4 -5 -8 -3 
26 31 22 15 7 6 3 1 -3 0 
25 28 19 12 12 3 2 4 0 0 
24 21 9 8 10 -8 -3 -3 -3 -2 
30 19 14 13 7 0 1 2 2 2 
28 21 17 14 7 4 2 3 1 2 
