77 35 20 34 23 -3 -11 -4 -3 -2 
84 34 17 34 23 -6 -14 -3 -2 1 
78 27 15 34 19 -5 -8 -1 -1 1 
74 17 9 31 20 -1 -3 -2 -2 2 
89 14 -1 11 15 2 -6 0 5 2 
94 17 -6 8 13 0 -7 0 4 -2 
101 12 -10 5 15 -1 -7 -1 -1 -5 
107 16 -7 9 16 -2 -6 1 -6 -4 
108 15 -10 12 15 -4 -2 1 -5 -6 
115 15 -11 8 12 -2 -7 0 -1 -10 
117 20 -10 5 16 3 -10 2 2 -9 
119 25 -6 5 19 9 -3 7 4 -7 
127 22 -14 10 20 5 -6 5 3 -8 
127 22 -20 10 22 2 -8 3 1 -8 
118 29 -12 5 17 5 -2 3 -2 -10 
108 34 -7 7 11 6 2 5 -1 -9 
91 29 -1 8 12 7 3 6 0 -6 
78 26 7 10 9 4 2 5 1 -8 
57 33 19 19 11 1 -5 -2 -2 -7 
48 39 25 21 13 5 -4 -5 -7 -7 
46 38 29 19 14 9 -4 -4 -5 -5 
44 42 32 15 9 8 -5 -4 -4 -6 
40 46 31 16 5 4 -3 -4 -4 -11 
39 42 27 19 11 5 -2 -7 -5 -12 
39 35 21 18 11 3 -4 -8 -11 -14 
47 42 28 20 15 5 0 -8 -8 -5 
50 46 29 17 13 1 0 -9 -8 -2 
51 42 25 9 3 -2 -8 -7 -9 -7 
54 46 29 8 7 1 -7 -5 -8 -6 
50 52 30 15 14 4 -6 -4 -5 -7 
