21 30 17 11 8 8 3 0 -2 3 
26 31 12 9 10 6 2 -1 -2 -1 
25 26 12 10 12 9 1 1 -1 -4 
21 23 13 12 12 8 2 1 -1 -4 
16 22 11 10 9 7 4 3 -1 -2 
18 23 18 16 12 10 10 9 6 7 
21 17 16 15 12 13 10 8 8 11 
29 24 13 12 13 17 9 8 9 5 
22 28 19 16 16 13 8 9 3 5 
29 31 15 13 9 10 7 5 3 5 
31 31 17 12 6 11 8 5 3 4 
20 24 20 12 10 10 5 6 3 4 
21 24 17 12 7 5 1 5 5 4 
29 29 22 16 5 3 2 7 6 4 
31 29 22 17 7 7 7 3 8 5 
22 23 22 16 9 9 9 1 7 9 
21 26 17 13 9 11 11 6 8 10 
21 30 12 8 7 11 9 9 14 7 
13 26 15 10 4 9 8 10 13 3 
8 22 13 11 7 9 5 8 5 -2 
13 20 13 8 4 4 3 5 2 1 
15 19 10 9 5 3 2 1 4 1 
18 21 9 10 8 7 5 -1 4 5 
24 22 10 10 8 9 7 1 7 8 
25 26 9 6 7 10 4 4 6 4 
14 27 13 7 5 9 6 0 3 5 
8 20 13 12 9 12 7 1 5 3 
20 17 -1 6 14 18 10 4 7 3 
27 24 -3 4 13 14 7 4 4 3 
21 29 13 8 4 9 4 6 -1 0 
