127 17 -30 -36 3 0 -6 0 -17 -3 
121 25 -29 -40 2 1 -3 0 -15 1 
120 29 -24 -37 -5 0 -2 -3 -13 2 
118 24 -29 -41 -12 -5 -5 -7 -9 1 
111 27 -23 -38 -20 -16 -13 -9 -11 2 
114 36 -9 -29 -18 -17 -16 -6 -9 2 
120 37 -12 -30 -4 -8 -11 -5 -9 4 
119 41 -17 -27 -6 -7 -14 -4 -4 8 
119 45 -12 -27 -10 -9 -14 -2 -4 9 
125 45 -10 -28 -5 -5 -3 -1 -10 1 
127 42 -14 -29 3 -8 -6 -4 -13 4 
127 47 -18 -30 5 -4 -7 -4 -11 4 
127 50 -20 -30 2 1 -2 -2 -10 -1 
127 40 -16 -29 0 -4 -3 -2 -15 0 
127 45 -11 -26 2 -5 -6 -4 -15 3 
127 55 -5 -28 5 -7 -11 -7 -13 9 
124 56 1 -23 1 -13 -17 -7 -10 11 
124 44 -8 -24 -5 -8 -15 -8 -3 10 
104 33 -20 -30 -13 -7 -13 -4 -8 8 
97 27 -24 -33 -7 -1 -9 -3 -10 8 
101 9 -31 -35 10 4 -4 -3 -9 6 
105 15 -25 -31 12 -2 -6 -3 -15 7 
110 21 -22 -22 12 -6 -13 -3 -14 7 
114 21 -24 -18 10 -9 -18 -4 -12 7 
116 29 -21 -21 6 -4 -12 -2 -13 8 
116 23 -21 -19 6 0 -13 -1 -8 5 
109 12 -15 -19 13 -5 -8 7 -7 7 
100 13 -13 -16 15 -9 -5 9 -9 10 
89 11 -21 -19 9 -8 -5 11 -7 10 
81 4 -31 -26 4 -13 -7 9 -10 10 
