104 -12 9 -1 -3 -24 -16 -4 -14 8 
90 -15 13 1 -9 -17 -9 -2 -15 13 
76 -8 13 1 -8 -17 -20 -4 -9 12 
75 -2 10 -2 -5 -19 -27 -3 -4 11 
75 -4 6 -9 -4 -19 -25 -1 -7 11 
79 -1 11 -6 -3 -17 -23 -2 -5 13 
92 5 16 -3 -6 -21 -18 -7 -3 15 
103 1 3 2 2 -20 -21 -2 -7 10 
104 0 2 6 0 -18 -21 -1 -5 9 
86 -10 14 1 -2 -19 -25 3 -4 11 
82 -11 14 0 -2 -18 -24 3 -4 11 
72 -5 8 -15 3 -15 -29 -1 -4 6 
84 5 7 -11 2 -18 -27 -3 -7 1 
82 1 9 -6 -3 -19 -19 -3 -7 5 
78 -5 7 -6 -3 -18 -13 1 -3 11 
86 -7 6 -4 -2 -23 -19 -2 -5 8 
82 -5 12 -7 2 -23 -20 -5 -6 8 
56 4 13 -6 8 -17 -20 -9 -6 5 
60 10 8 -10 0 -22 -20 -5 2 8 
93 29 7 -12 -2 -24 -16 0 3 8 
107 20 14 -20 8 -25 -20 2 3 13 
47 5 28 -7 0 -26 -12 -5 2 14 
21 8 35 4 -8 -24 -8 -4 -4 12 
8 7 37 17 -4 -19 -3 -2 -5 12 
7 14 36 26 -6 -22 2 -6 -4 12 
-13 3 28 35 -7 -10 14 -10 -5 5 
17 -18 -1 10 6 3 8 -13 -7 4 
38 -13 -8 -9 0 -11 -7 -20 -3 1 
48 -11 -4 -13 2 -12 -10 -16 5 -4 
61 -21 3 -20 3 -11 -8 -6 5 -6 
