111 25 38 10 -26 -24 -7 -12 1 10 
111 20 38 11 -19 -22 -6 -7 -4 11 
110 8 32 14 -8 -15 -10 -6 -7 9 
121 7 16 15 -2 -18 -16 -7 -5 6 
117 14 9 10 -1 -19 -19 -7 -4 2 
114 4 9 11 2 -22 -18 -5 -3 4 
110 0 8 7 -3 -29 -18 -6 -8 6 
107 3 6 4 -6 -31 -20 -4 -6 11 
101 2 8 6 -1 -23 -24 1 0 13 
100 1 18 0 -7 -20 -32 0 -5 10 
99 2 16 -10 -12 -22 -29 -3 -9 7 
82 8 7 -7 -10 -21 -25 -4 -6 8 
78 13 8 -5 -6 -21 -19 1 -4 13 
83 12 9 -5 -4 -19 -18 1 -7 10 
82 3 11 -3 -7 -19 -21 0 -4 5 
82 3 9 -3 -9 -21 -19 0 -3 6 
85 7 3 -5 -11 -23 -17 0 -4 7 
84 19 -4 -4 -9 -22 -21 0 -7 7 
80 11 0 1 -5 -21 -22 -1 -3 7 
78 3 -7 -4 -6 -21 -20 -4 -3 8 
81 0 -2 0 -6 -21 -17 -5 -4 10 
83 -4 10 0 -1 -22 -18 -4 -5 11 
79 -13 9 1 -5 -19 -21 -2 -6 9 
78 -13 7 3 -7 -17 -21 -1 -4 8 
79 9 -4 4 -7 -19 -20 0 -4 2 
74 7 -5 2 -4 -18 -18 -2 -3 1 
74 6 -3 3 -3 -19 -16 -2 -1 3 
74 9 1 -1 0 -21 -15 -2 -2 3 
61 16 10 3 -6 -23 -13 0 1 6 
62 10 11 1 -7 -22 -14 -1 2 7 
