-33 -23 35 28 -10 -12 17 -8 8 -2 
-37 -14 35 29 -13 -11 19 -9 2 -2 
-31 -9 41 33 -16 -10 11 -5 2 1 
-35 -10 45 29 -13 -8 5 -7 5 2 
-37 -13 50 27 -13 -10 11 -1 3 0 
-29 -11 48 26 -16 -12 14 3 -1 2 
-14 -10 42 24 -13 -13 15 4 -1 1 
0 -12 43 22 -15 -9 11 7 -4 2 
78 23 48 12 -36 -35 -16 -12 -2 5 
112 2 17 4 -16 -23 -14 -11 0 8 
121 3 12 3 -6 -20 -19 -12 -4 10 
109 -4 11 7 -8 -21 -20 -2 -9 9 
102 -6 5 2 -7 -20 -20 -2 -10 8 
99 -5 4 -5 -7 -22 -24 -5 -11 8 
99 0 13 -3 -5 -23 -21 -3 -8 11 
104 1 17 -3 -7 -21 -19 -6 -9 10 
98 0 12 -2 -9 -19 -21 -8 -8 10 
82 1 6 -1 -4 -21 -22 -3 -6 8 
82 3 10 -1 -6 -21 -22 -1 -5 9 
79 1 8 -7 -4 -22 -20 1 -2 11 
82 5 6 -1 -2 -17 -16 1 -1 13 
86 2 5 4 -6 -11 -19 -1 1 13 
91 -9 4 -2 1 -9 -21 -2 -1 9 
100 -1 6 1 0 -12 -14 -3 -6 11 
92 2 6 3 -5 -15 -14 -4 -6 10 
83 2 5 -3 -10 -16 -17 -2 -1 10 
82 7 8 -6 -4 -16 -21 -2 -2 11 
82 9 10 -4 -2 -18 -21 -3 -4 10 
79 5 9 -3 -6 -22 -12 -5 1 9 
66 2 13 -4 -2 -19 -14 -3 0 11 
