-21 -3 39 30 -10 -6 9 -7 4 -4 
-29 -2 44 29 -13 -5 15 -6 -4 -5 
-25 -7 45 24 -16 -7 16 -5 -4 -3 
-10 -17 41 18 -14 -13 7 -4 -9 -2 
5 -12 44 19 -6 -8 5 4 -9 0 
67 17 53 2 -25 -31 -16 -20 -18 4 
97 17 40 -1 -17 -23 -9 -7 -4 12 
104 18 36 -1 -15 -23 -6 3 0 10 
118 19 23 -3 -7 -20 -11 -2 -2 6 
125 8 15 1 2 -20 -17 -4 0 9 
127 -5 14 6 4 -24 -19 -1 1 9 
124 -23 9 -2 0 -30 -22 -3 -4 11 
127 -21 10 -7 5 -31 -24 -7 -13 7 
119 -5 7 -6 6 -28 -25 -6 -14 2 
118 -6 4 -5 4 -30 -22 0 -10 4 
119 -12 6 1 0 -26 -20 -1 -7 11 
113 -8 5 -1 -4 -24 -17 -1 -5 12 
86 -1 -2 -14 -6 -22 -18 -1 -7 8 
79 7 2 -4 -5 -18 -15 -1 -4 10 
80 10 2 -2 -5 -18 -15 -4 -6 10 
91 19 2 -1 -4 -18 -14 -3 -5 11 
91 12 5 6 -8 -18 -17 -1 1 9 
83 4 4 1 -7 -16 -20 -4 -1 6 
83 7 4 0 0 -17 -17 -3 -1 9 
73 -4 8 0 -3 -21 -19 -2 1 8 
67 -8 8 -4 -9 -24 -23 -3 -1 6 
78 9 7 -8 -5 -24 -26 -4 -1 5 
83 13 6 -7 -1 -25 -24 -6 -1 7 
76 11 3 -11 8 -17 -20 -4 2 4 
91 11 12 -10 6 -14 -15 -3 3 1 
