-9 -7 24 14 -22 -13 9 -9 7 4 
-12 -11 28 12 -25 -17 10 -6 8 7 
-21 -8 32 12 -26 -29 10 -3 11 9 
-24 -7 34 14 -14 -24 9 3 7 4 
-3 -6 33 7 -17 -18 9 6 -2 -1 
13 -4 32 2 -25 -24 6 1 -8 -3 
19 -4 28 -3 -25 -33 1 0 -6 -1 
18 2 36 -3 -22 -34 -5 -1 -1 -1 
11 4 47 2 -23 -30 -5 -7 -4 -2 
57 20 40 -16 -39 -37 -12 -6 -2 3 
96 14 28 -4 -18 -26 -12 -1 2 6 
107 1 16 3 -7 -16 -17 -6 0 9 
113 -1 11 2 3 -14 -14 -6 -8 2 
109 10 7 0 -11 -15 -16 -1 -4 5 
104 12 9 0 -15 -18 -22 -2 -1 9 
93 13 2 4 -9 -22 -24 -5 -5 12 
90 14 2 4 -6 -20 -20 -3 -6 10 
88 1 9 1 -6 -21 -20 -3 -3 7 
84 -6 8 -1 -5 -18 -19 -6 -9 4 
76 4 6 2 -5 -12 -14 -5 -10 3 
74 8 4 1 -3 -13 -14 -1 -6 5 
84 12 4 1 2 -15 -14 1 -2 6 
85 17 2 1 -1 -16 -18 2 -1 6 
84 23 6 -5 3 -17 -18 -2 -4 12 
77 21 5 -5 6 -17 -17 -1 -5 11 
57 8 0 -2 7 -16 -23 -5 -6 4 
71 14 2 1 1 -15 -23 -2 0 6 
90 30 5 -2 -4 -16 -14 2 0 9 
95 32 13 -6 -3 -16 -12 -5 2 11 
87 26 16 4 -4 -14 -10 -9 -2 10 
