92 -2 -37 -34 10 -4 -4 0 -16 -2 
99 0 -39 -30 8 -1 -1 0 -15 1 
98 -3 -43 -33 9 5 2 -1 -15 1 
93 -12 -47 -35 7 0 -1 -1 -13 -1 
89 -18 -42 -32 5 -8 -6 -2 -13 3 
89 -17 -44 -30 6 -5 -4 -4 -13 2 
93 -10 -42 -32 8 -5 -3 -6 -15 1 
92 -13 -42 -33 9 0 -6 -6 -14 3 
93 -15 -47 -38 1 0 -5 -1 -10 6 
92 -6 -39 -41 -6 -4 -1 3 -12 6 
101 4 -27 -34 -10 -20 -16 -10 -11 7 
107 5 -19 -28 -16 -22 -14 -10 -12 5 
87 1 -3 -25 -18 -20 -12 -5 -18 8 
60 -18 -5 -26 5 -5 -8 -9 -16 4 
83 6 9 -15 16 -3 -9 -11 -15 4 
104 30 5 -15 10 -16 -21 -9 -10 9 
116 27 -3 -21 1 -13 -20 -8 -8 7 
123 35 -18 -23 6 -5 -16 -10 -2 7 
110 38 -4 -13 7 0 -12 1 -6 10 
107 48 19 -12 7 -1 -6 -5 -10 7 
106 49 18 -11 3 -6 -10 -7 -4 2 
92 40 20 -5 -1 -5 -10 -8 -5 0 
89 27 11 -1 7 1 -9 -6 -2 1 
94 14 -3 -9 8 -5 -5 -3 0 4 
98 5 -8 -5 11 -7 -5 -4 0 6 
98 3 -11 -5 17 -10 4 3 0 6 
101 0 -16 -14 18 -7 7 2 2 6 
99 1 -17 -19 23 -7 7 -3 1 6 
94 3 -11 -12 31 -10 8 -2 -2 3 
94 4 -5 -11 23 -17 8 0 4 3 
