-24 -25 35 30 -18 -10 7 -14 0 4 
-30 -13 36 26 -14 -11 6 -13 -3 5 
-33 -9 42 28 -10 -11 7 -7 -1 -2 
-29 -7 45 25 -16 -14 5 -5 1 -3 
-30 -15 48 20 -19 -18 4 -1 -3 -2 
-24 -27 47 24 -16 -22 6 0 -5 -1 
-4 -27 39 21 -16 -24 2 -4 -8 3 
76 6 37 3 -17 -36 -10 -8 -9 3 
105 5 31 1 -13 -34 -10 -3 -7 6 
112 1 20 -3 -7 -25 -14 2 -7 9 
113 9 11 -5 -7 -19 -16 -2 -7 7 
82 -5 26 3 -26 -17 -7 -8 -10 9 
72 -14 19 6 -24 -22 -10 -9 -11 8 
77 -22 14 6 -24 -24 -13 -11 -10 12 
74 -26 14 7 -22 -17 -10 -8 -10 11 
71 -23 16 8 -18 -12 -8 -8 -9 8 
72 -16 16 4 -17 -21 -11 -11 -7 11 
74 -6 16 2 -10 -25 -11 -6 -6 11 
68 7 10 0 -6 -20 -16 -4 -2 7 
58 1 6 3 -10 -16 -18 -5 -2 5 
56 2 8 0 -7 -20 -15 -3 -3 7 
61 -2 5 0 -3 -21 -14 -5 -3 6 
64 -2 6 -4 1 -20 -13 -4 -4 7 
49 9 4 0 -1 -14 -17 -4 -1 8 
50 7 2 2 -11 -17 -18 -8 -1 8 
65 -2 4 7 -14 -20 -15 -9 -1 10 
73 -12 4 11 -7 -18 -11 -8 -4 9 
74 -14 2 6 -4 -19 -8 -7 -7 8 
65 1 2 3 -9 -15 -12 -8 -5 7 
54 1 6 3 -11 -15 -16 -10 0 8 
