62 5 44 8 -25 -38 -10 -3 0 9 
108 7 24 2 -10 -27 -11 1 -4 12 
116 8 17 -6 0 -25 -16 1 -2 11 
115 5 13 -6 1 -23 -14 -3 -10 4 
111 6 7 -6 -5 -25 -19 -2 -12 2 
103 -5 19 3 -22 -21 -11 -5 -11 12 
99 -19 30 8 -30 -26 -9 -2 -4 8 
96 -24 27 2 -22 -28 -13 -2 -5 7 
90 -16 14 0 -13 -24 -17 -5 -7 9 
82 -15 11 8 -13 -18 -10 -6 -8 7 
74 -21 12 18 -10 -13 -4 -5 -6 4 
75 -18 12 14 -11 -15 -12 -10 -5 7 
79 -11 4 2 -9 -16 -14 -12 -7 4 
83 -12 -2 0 -6 -19 -11 -12 -6 4 
73 -10 0 -6 -8 -20 -13 -8 0 3 
65 -7 1 -4 -6 -23 -9 -7 -1 4 
66 -5 4 0 -3 -25 -9 -7 -2 3 
64 -6 3 2 -4 -22 -10 -6 1 0 
63 -7 2 6 1 -16 -8 -6 1 -1 
67 -12 2 5 -3 -19 -2 -3 2 7 
71 -10 6 4 -7 -22 -7 -3 4 6 
72 -4 3 2 -6 -23 -14 -2 7 1 
68 -9 0 0 -10 -24 -13 -6 6 -3 
72 -3 6 6 -6 -20 -13 -6 2 -4 
77 10 10 9 -11 -19 -9 -7 -1 4 
70 10 5 10 -14 -23 -7 -11 8 5 
65 11 4 4 -14 -24 -11 -10 10 7 
65 13 16 3 -21 -25 -7 -4 5 6 
59 18 26 12 -22 -20 -3 -1 -1 4 
45 26 41 20 -16 -14 -1 1 -6 6 
