-14 3 45 45 -8 -6 8 -5 0 -1 
-5 -3 38 43 -12 -7 5 -4 2 4 
-7 -5 43 29 -9 -3 0 4 -3 5 
-6 6 53 21 -8 -1 0 6 -4 4 
99 26 41 -6 -22 -33 -16 -9 -8 8 
113 4 11 -8 -9 -26 -17 -4 -3 14 
115 -6 6 -5 -7 -22 -15 -4 -4 9 
107 -15 14 11 -8 -14 -9 -6 -6 7 
92 -15 9 11 -6 -13 -7 0 -4 12 
92 -9 11 7 -9 -20 -10 -4 -6 11 
96 -13 12 5 -7 -22 -12 -8 -7 8 
89 -9 13 2 -7 -15 -18 -9 -6 5 
87 -4 13 1 -6 -16 -18 -7 -4 8 
86 -12 15 -1 -6 -17 -20 -5 -4 5 
81 -21 16 -3 -10 -19 -20 -4 -6 3 
77 -17 13 -2 -12 -22 -13 -3 -4 7 
82 -10 10 -2 -12 -21 -10 -5 -4 6 
75 -14 0 3 -9 -15 -15 -4 2 1 
65 -17 -4 2 -9 -16 -11 -3 3 5 
70 -12 2 1 -12 -20 -9 -6 -1 6 
74 -16 5 3 -11 -21 -12 -8 -1 6 
81 -13 2 7 -12 -21 -10 -6 -3 6 
83 -10 4 5 -14 -21 -11 -3 -6 6 
74 -5 5 0 -10 -22 -11 -5 -6 7 
73 -9 4 6 -9 -23 -11 -7 -6 4 
71 -18 10 11 -15 -20 -6 -4 -3 6 
68 -14 15 9 -14 -20 -6 -6 -3 8 
71 -9 14 5 -9 -19 -14 -13 -4 7 
74 -14 15 -1 -8 -17 -13 -12 -5 6 
68 -14 13 0 -4 -16 -12 -4 -3 7 
