-14 -3 42 30 -14 -6 11 -9 3 1 
-19 5 46 26 -19 -9 10 -5 2 -1 
-24 0 51 34 -13 -8 13 -5 0 1 
-19 -2 49 38 -9 -8 13 -4 5 2 
-13 4 42 30 -2 -11 10 -2 7 -1 
-5 -1 40 14 -11 -19 8 1 5 0 
23 -8 29 -2 -22 -25 0 -4 -2 -5 
89 -3 27 3 -22 -24 -6 -5 0 2 
95 4 27 3 -17 -27 -9 -6 -6 4 
89 12 21 5 -10 -22 -12 -5 -8 4 
83 -10 27 8 -23 -12 -6 -12 -4 9 
83 -15 15 -3 -21 -18 -10 -14 -3 14 
75 -18 7 -4 -13 -28 -10 -6 -7 12 
72 -16 17 1 -8 -24 -8 -1 -2 9 
71 -15 17 4 -14 -21 -10 -3 -3 6 
71 -20 16 9 -14 -12 -4 -5 -5 8 
67 -28 17 15 -13 -9 -3 -1 0 8 
58 -30 19 11 -16 -17 -3 -3 -2 5 
53 -31 16 4 -22 -20 -3 -8 -5 2 
56 -28 20 4 -22 -22 -6 -10 -2 0 
61 -22 22 3 -19 -20 -7 -8 -3 3 
59 -19 19 6 -19 -20 -8 -12 -3 3 
59 -17 15 7 -16 -22 -9 -13 1 6 
54 -11 18 11 -12 -20 -4 -10 0 14 
47 -11 23 13 -8 -17 -2 -8 -9 7 
60 -16 13 1 -12 -23 -12 -12 -12 1 
72 -15 10 2 -11 -19 -14 -14 -5 4 
67 -16 21 -1 -10 -17 -9 -14 2 9 
63 -11 19 -1 -17 -18 -6 -9 0 8 
61 -12 18 -3 -17 -22 -6 -9 -5 8 
