62 -2 -2 -13 -7 -57 -30 17 4 1 
67 3 1 -11 -6 -55 -28 16 4 1 
69 -2 -2 -17 -15 -52 -15 21 2 -3 
65 -3 -11 -19 -23 -54 -14 14 4 -7 
70 12 -15 -20 -21 -43 -16 9 7 -5 
74 15 -8 -20 -18 -42 -19 6 6 -3 
70 13 -5 -24 -18 -43 -18 6 1 -2 
67 8 -9 -23 -19 -47 -19 5 2 -2 
68 9 -10 -18 -17 -50 -17 7 4 1 
68 13 -11 -22 -19 -46 -19 10 3 0 
67 18 -12 -31 -23 -41 -22 9 3 -4 
70 16 -8 -31 -23 -44 -23 11 2 -2 
76 16 -7 -27 -19 -48 -25 11 4 4 
79 16 -12 -18 -12 -54 -35 10 15 4 
85 13 -18 -9 -17 -55 -35 7 21 0 
65 -1 -12 5 -11 -54 -15 16 14 -8 
62 -4 -9 5 -10 -47 -13 14 13 -7 
72 -1 -6 5 -13 -41 -10 10 10 -4 
79 -6 -14 10 -5 -41 -4 11 7 -4 
77 2 -15 10 -6 -42 -5 10 6 -7 
62 12 -4 1 -9 -37 -12 11 9 -13 
47 17 -8 -4 -9 -32 -12 11 14 -9 
52 20 -12 1 -6 -30 -11 13 14 -7 
62 20 -12 4 -5 -30 -10 11 9 -4 
64 20 -10 8 -11 -33 -2 9 5 0 
54 18 -4 16 -13 -29 9 15 7 2 
44 9 -8 9 -16 -23 14 16 1 6 
42 8 4 16 -16 -19 15 12 2 -2 
51 5 0 13 -19 -17 8 7 6 -4 
53 7 5 20 -8 -14 7 3 5 -6 
