53 0 5 2 -18 -38 -6 8 6 0 
56 10 6 -2 -13 -42 -11 10 5 -2 
50 11 9 3 -12 -40 -9 10 -1 -4 
47 10 7 5 -15 -36 -5 15 2 -2 
55 12 6 5 -13 -34 -5 16 6 0 
58 22 3 0 -13 -35 -6 11 8 3 
56 25 1 0 -15 -34 -6 13 9 0 
50 25 2 1 -13 -32 -2 14 14 -1 
50 36 8 -5 -16 -30 -5 11 12 2 
52 41 11 -5 -17 -30 -2 11 12 0 
51 34 5 0 -13 -32 3 11 13 -3 
54 32 3 4 -9 -35 -1 16 11 -3 
60 29 1 12 -4 -39 -1 13 5 -4 
58 29 0 9 -5 -40 5 9 5 -7 
53 34 0 5 -10 -39 7 11 9 -1 
57 37 3 12 -8 -35 5 13 9 0 
66 41 7 14 -7 -28 7 17 7 -4 
72 43 7 10 -7 -25 8 18 12 -3 
68 42 6 13 -8 -27 6 18 12 -3 
64 38 6 18 -2 -28 2 12 6 -3 
46 23 1 13 -3 -32 2 11 -2 -10 
27 12 4 26 10 -23 7 15 5 -11 
37 28 9 25 3 -18 9 8 6 -15 
39 33 20 33 13 -11 9 10 0 -6 
72 24 25 29 13 -5 1 13 0 -12 
81 -9 23 47 9 -19 6 25 1 -14 
82 -23 8 49 -2 -24 3 25 5 -8 
72 -34 6 52 -4 -28 1 25 3 -8 
63 -40 1 54 -1 -29 1 29 1 -9 
58 -36 -3 57 -1 -30 5 31 0 -7 
