36 33 26 12 1 1 8 2 2 -8 
47 29 25 15 6 1 5 3 2 -7 
44 28 22 17 9 -2 0 3 7 -4 
30 25 18 9 1 -2 -5 -1 3 -3 
34 24 20 6 2 -3 0 2 3 0 
36 21 19 4 1 -4 2 1 4 4 
51 33 21 3 -5 -7 -5 -7 -6 2 
52 31 20 7 -5 -7 -7 -6 -7 -3 
44 26 17 9 1 -1 -3 -8 -6 -8 
51 24 4 5 5 2 3 -3 1 -3 
60 26 4 -1 -1 8 2 -5 -3 -4 
93 32 1 -5 1 -1 -8 -11 -3 0 
111 29 1 -2 13 1 -5 -15 -5 2 
113 29 4 -1 18 -1 -6 -11 -2 -1 
116 36 6 -12 24 -14 -7 -11 -12 0 
119 33 7 -12 17 -14 -10 -16 -19 -1 
117 36 8 -7 13 -11 -9 -17 -16 -3 
101 40 6 -9 11 -2 1 -8 -5 -3 
106 33 0 -15 3 5 1 -1 -4 -3 
102 33 3 -13 4 2 1 -2 -6 -6 
108 29 -4 -5 23 9 -6 -5 1 -1 
117 25 -4 1 30 7 -7 -5 -4 5 
113 23 -6 -2 27 1 -3 -6 -5 5 
102 26 -5 -16 18 -13 -5 -9 -11 3 
95 29 -1 -15 18 -18 -8 -9 -10 4 
78 19 -6 -14 19 -19 -10 -5 -1 5 
77 13 -6 -17 23 -21 -12 -8 -2 12 
83 17 -7 -19 21 -13 -8 -5 -6 13 
83 21 -4 -15 13 -5 -10 -2 -2 4 
77 16 0 -10 18 -2 -12 -4 -1 7 
