65 8 -1 -1 -24 -36 -11 11 4 -2 
64 18 0 -1 -21 -37 -7 13 6 0 
64 15 1 2 -20 -37 -6 11 5 -5 
66 16 3 1 -20 -38 -9 9 5 -7 
63 23 7 -1 -14 -42 -8 8 4 -3 
63 25 8 1 -12 -43 -7 8 4 -3 
69 29 5 5 -14 -38 1 9 7 -6 
75 34 1 10 -18 -33 5 8 8 -6 
77 32 2 11 -23 -35 5 11 7 -3 
75 30 6 10 -23 -34 7 14 8 -1 
74 32 11 4 -19 -31 5 14 7 2 
69 35 11 6 -17 -32 2 14 5 1 
65 40 10 8 -12 -30 3 17 5 -5 
61 48 13 4 -9 -32 5 21 4 -5 
56 45 19 5 -15 -35 6 13 6 -2 
53 38 17 13 -12 -38 0 10 9 1 
49 41 17 11 -4 -33 -4 14 4 -1 
52 52 14 7 -3 -26 0 15 2 -6 
57 45 11 19 -4 -26 6 17 6 -7 
50 40 21 26 -2 -32 4 21 4 -5 
44 41 17 23 0 -27 6 18 -3 -5 
38 32 10 19 -6 -20 14 22 -5 -2 
42 29 7 29 -13 -18 17 14 0 -2 
30 29 10 28 -1 -7 12 15 4 -6 
32 22 14 35 0 -9 11 10 -1 -8 
47 19 22 16 0 -5 10 7 -1 -6 
61 17 29 12 5 -2 10 6 3 -3 
65 19 32 10 6 2 8 7 5 -3 
71 12 36 14 4 3 9 7 1 -6 
71 7 37 19 -1 -1 13 4 1 -7 
