-8 2 23 48 -27 -17 17 7 -11 3 
-9 0 27 50 -17 -11 24 7 -9 0 
54 35 24 20 -51 -36 5 -3 -8 -2 
83 36 10 1 -59 -45 -7 4 2 6 
96 24 4 -8 -51 -55 -22 8 8 10 
106 9 -10 -14 -46 -47 -14 12 3 7 
103 3 -12 -9 -40 -43 -10 14 -2 0 
113 11 -3 -1 -25 -34 0 22 -2 6 
123 22 1 1 -27 -36 -3 20 1 14 
123 18 -1 5 -25 -37 -12 22 12 12 
122 12 -1 2 -20 -36 -12 22 10 11 
118 16 -7 4 -22 -34 -11 19 10 11 
113 19 -5 2 -23 -33 -11 19 11 12 
110 21 -2 -8 -22 -28 -13 25 5 10 
109 24 1 -16 -24 -25 -11 25 -2 8 
111 23 1 -12 -22 -28 -10 22 -1 2 
113 23 3 0 -24 -29 -7 15 0 1 
108 28 5 -5 -24 -34 -10 18 2 8 
102 29 -1 -14 -17 -35 -13 22 9 7 
98 24 6 -9 -23 -38 -10 15 2 6 
93 26 0 -10 -23 -40 -11 13 2 3 
91 33 -1 -18 -14 -35 -17 19 5 2 
85 21 11 -18 -23 -34 -3 19 -2 8 
83 25 12 -12 -26 -29 0 14 -4 8 
85 28 10 -8 -36 -27 -5 14 -1 8 
80 30 13 -6 -36 -34 -3 17 1 9 
74 37 12 4 -28 -30 -2 17 2 8 
56 39 18 18 -31 -25 5 13 -1 6 
17 20 4 17 -36 -21 8 13 11 4 
-3 7 19 39 -29 -15 13 6 5 0 
