-5 4 24 44 -26 -13 18 1 -9 -4 
33 13 24 35 -47 -31 4 1 -13 -2 
84 25 5 11 -61 -40 -3 11 -2 0 
121 23 3 10 -45 -40 -3 18 11 8 
127 23 0 5 -32 -37 -9 17 10 5 
127 22 3 -3 -30 -37 -12 15 9 3 
127 19 5 -12 -27 -38 -14 20 11 3 
127 6 -5 -12 -12 -38 -20 22 10 1 
112 7 0 -14 1 -41 -17 30 2 4 
119 18 8 -14 -3 -46 -17 27 1 5 
127 19 5 -13 -8 -49 -18 29 7 3 
127 11 -1 -11 -5 -47 -16 28 7 2 
89 22 -3 -12 -3 -49 -16 26 -4 6 
82 17 1 -8 -2 -50 -19 24 -1 7 
82 20 2 -7 -7 -45 -14 23 8 2 
87 31 -1 -15 -14 -45 -12 22 10 4 
98 32 -6 -9 -11 -50 -4 18 14 4 
98 26 -8 -5 -2 -49 -2 17 8 1 
103 25 -7 -9 -3 -45 -9 21 5 5 
110 37 -5 -15 -6 -39 -13 26 7 4 
105 43 -2 -14 -7 -41 -6 29 2 2 
96 52 0 -14 -10 -38 -2 26 -2 2 
95 64 7 -17 -16 -35 0 20 -4 4 
93 39 12 -1 -13 -45 -10 21 4 6 
92 30 16 6 -16 -41 -12 18 0 4 
100 32 22 14 -30 -33 -2 16 -9 5 
88 26 23 35 -36 -28 15 10 -6 9 
44 11 25 37 -38 -22 16 6 -8 1 
38 10 19 36 -30 -18 10 9 -8 0 
42 7 27 32 -24 -15 11 17 -14 0 
