-32 10 25 49 -32 -18 15 4 0 -6 
-7 2 26 53 -23 -13 12 7 2 -5 
-2 -5 26 52 -24 -12 13 10 2 -2 
-1 -2 19 45 -24 -14 10 4 0 -1 
66 27 21 16 -48 -39 -6 -7 -7 -3 
97 28 10 -3 -42 -53 -19 2 6 11 
104 21 -4 -11 -37 -53 -15 11 10 7 
98 16 -10 -16 -36 -47 -18 10 3 5 
108 16 -3 -9 -28 -41 -15 18 -1 4 
123 17 -4 2 -16 -37 -14 27 2 7 
127 10 -4 3 -6 -40 -19 27 0 8 
115 6 5 -5 0 -47 -16 23 -2 7 
101 14 3 -10 -4 -41 -17 20 2 3 
98 8 -3 -13 -7 -40 -18 18 5 2 
110 1 2 -11 -5 -43 -12 16 4 4 
114 8 6 -15 -5 -41 -8 16 3 7 
108 11 8 -19 -4 -43 -7 18 5 4 
104 12 6 -16 -7 -46 -12 24 5 1 
93 20 0 -12 -8 -52 -9 23 6 1 
92 24 3 -14 -9 -52 -5 18 8 1 
99 28 7 -17 -7 -53 -6 17 12 3 
96 36 7 -19 -5 -49 -10 18 12 1 
94 44 9 -21 -5 -41 -12 13 9 0 
96 52 7 -25 -8 -36 -12 12 9 4 
103 60 3 -26 -5 -34 -13 14 13 5 
108 56 7 -25 -5 -35 -12 17 11 3 
108 45 15 -23 -6 -35 -11 20 7 2 
96 33 23 -6 -6 -17 -4 19 6 1 
78 22 27 1 -4 -11 -2 8 2 4 
70 14 25 9 -4 -1 -1 5 4 3 
