108 44 19 -3 28 2 -7 -7 -10 1 
116 41 10 -2 27 4 -8 -6 -13 3 
112 37 14 4 17 4 0 -7 -15 5 
100 42 26 -3 16 6 0 -4 -10 3 
94 48 32 -12 12 10 3 -3 -10 2 
94 47 31 -9 12 11 4 -3 -11 0 
99 42 28 0 17 5 -3 -5 -11 1 
95 40 26 6 18 4 -8 -11 -13 1 
102 36 16 -1 15 2 -14 -15 -11 6 
104 24 13 -4 13 0 -15 -14 -16 10 
95 29 16 1 15 5 -13 -17 -19 4 
93 33 18 1 13 5 -18 -17 -13 2 
93 28 6 -5 12 2 -20 -19 -17 -1 
100 32 4 -7 11 1 -17 -24 -24 -1 
99 33 7 -2 10 -2 -16 -25 -25 -3 
88 34 6 0 7 -8 -20 -23 -25 -7 
83 30 1 -7 3 -11 -23 -25 -27 -11 
81 26 5 -8 3 -9 -19 -24 -26 -4 
81 23 8 -9 4 -9 -17 -24 -28 -4 
83 17 3 -10 2 -13 -16 -25 -29 -10 
83 16 2 -8 2 -9 -23 -23 -24 -13 
82 22 5 -12 7 -6 -26 -22 -21 -7 
85 23 5 -13 8 -7 -23 -21 -21 -6 
86 22 5 -8 5 -10 -24 -18 -20 -6 
83 28 12 -5 6 -8 -16 -14 -15 2 
79 29 12 -6 14 2 -8 -12 -12 10 
73 29 19 -6 26 8 -6 -9 -12 8 
74 32 22 -11 28 0 -7 -5 -10 6 
82 35 12 -11 25 2 -8 -7 -14 8 
89 31 7 -9 16 5 -7 -11 -14 9 
