105 33 14 -8 16 2 -11 -11 -15 7 
107 33 17 -7 13 -6 -18 -13 -10 7 
102 32 10 -8 17 -7 -16 -13 -11 8 
92 14 5 -14 12 -3 -15 -21 -14 8 
100 10 4 -11 15 4 -16 -25 -20 2 
98 11 -2 -11 14 -1 -20 -24 -20 3 
96 20 -5 -10 12 1 -17 -20 -11 7 
94 26 1 -10 10 2 -14 -19 -11 8 
88 18 0 -7 12 -5 -18 -19 -6 14 
82 14 -5 -12 9 -8 -23 -16 -7 12 
71 16 -6 -11 7 -2 -18 -17 -9 7 
79 25 3 -5 11 1 -18 -18 -11 5 
84 24 8 -3 8 -1 -18 -13 -10 8 
85 15 5 2 10 -1 -18 -12 -6 6 
96 20 4 8 9 3 -19 -16 -6 4 
93 25 10 6 11 3 -18 -19 -10 3 
90 23 10 4 14 3 -17 -17 -11 6 
84 22 8 1 20 4 -16 -12 -13 10 
80 27 8 -9 24 5 -16 -10 -12 6 
79 30 3 -10 24 11 -13 -10 -10 6 
82 32 3 -9 22 8 -13 -9 -10 10 
79 35 7 -6 22 7 -11 -8 -9 12 
80 29 2 -4 16 7 -12 -13 -14 9 
79 22 0 -8 16 2 -18 -17 -18 6 
80 27 3 -10 19 4 -18 -14 -13 6 
83 38 13 -11 8 0 -13 -12 -16 5 
89 43 21 2 8 2 -17 -13 -13 3 
92 47 25 6 11 8 -13 -12 -14 2 
91 52 32 1 17 5 -15 -5 -12 2 
89 46 36 1 12 -2 -12 -1 -15 4 
