59 16 34 2 5 -10 -2 2 -5 -3 
59 10 32 5 6 -8 -8 -4 -5 -1 
64 22 22 5 2 -6 -8 -6 -10 -4 
111 34 21 3 13 -8 -22 -15 -8 8 
116 29 17 -1 13 -3 -26 -14 -5 4 
115 26 16 1 13 -3 -21 -14 -8 4 
114 32 16 0 17 2 -14 -10 -10 4 
114 39 15 -3 20 7 -15 -7 -8 -1 
117 36 12 -3 20 9 -20 -10 -6 -1 
110 28 6 3 21 10 -16 -10 -9 1 
114 27 5 3 20 11 -12 -10 -11 4 
116 30 6 7 18 12 -9 -10 -10 6 
113 40 6 -2 19 9 -10 -7 -5 6 
104 48 7 -8 16 3 -9 -8 -7 4 
100 47 15 -5 13 3 -9 -10 -11 1 
102 41 12 -1 18 6 -12 -15 -7 5 
98 40 14 -4 13 3 -15 -14 -4 8 
96 40 20 -1 8 1 -16 -9 -3 5 
96 29 16 0 14 5 -11 -12 -6 7 
92 21 16 -2 13 5 -10 -12 -9 7 
96 24 14 -4 5 -1 -13 -13 -11 4 
107 34 15 -1 9 -2 -14 -14 -9 7 
92 51 20 10 16 -3 -18 -15 -11 2 
83 54 22 8 14 -4 -19 -17 -13 -3 
78 54 22 0 10 -9 -17 -14 -15 -2 
82 45 16 1 12 -12 -14 -15 -20 1 
77 34 14 -2 7 -13 -18 -17 -22 -5 
76 36 17 -3 6 -13 -20 -15 -17 -4 
82 37 18 -6 6 -8 -17 -14 -17 -1 
84 31 16 -3 9 -5 -16 -15 -17 -3 
