79 28 32 -3 -2 -12 -18 -14 -14 -9 
105 44 35 -3 -4 -18 -20 -10 -10 -1 
119 43 32 -4 7 -10 -16 -14 -11 6 
107 42 22 -1 16 0 -17 -17 -13 7 
88 40 25 0 16 1 -13 -17 -8 5 
103 53 20 -3 9 -2 -12 -15 -10 3 
114 54 12 2 17 -6 -16 -20 -10 8 
121 43 7 2 30 -3 -15 -19 -12 9 
114 36 9 3 31 3 -13 -16 -14 7 
108 32 15 6 22 6 -11 -15 -10 5 
110 28 20 9 20 9 -11 -12 -2 2 
100 31 21 12 23 4 -7 -6 -8 3 
99 36 16 6 21 1 -8 -3 -9 9 
104 40 19 1 19 0 -10 -8 -9 9 
101 42 27 2 15 3 -11 -11 -10 5 
97 37 23 4 18 -1 -12 -6 -9 6 
96 32 14 5 17 -6 -10 -3 -7 9 
98 28 8 6 16 1 -9 -8 -9 6 
90 20 11 0 29 7 -13 -11 -12 6 
91 21 12 -2 25 4 -16 -11 -10 9 
87 25 9 4 15 0 -13 -8 -7 6 
80 26 8 4 18 5 -12 -4 -9 0 
87 32 3 -2 19 5 -12 -7 -11 4 
92 36 3 2 18 2 -9 -9 -13 9 
78 41 12 2 18 -1 -12 -6 -12 8 
72 47 17 -3 18 2 -11 -6 -13 4 
85 35 13 -2 14 8 -7 -8 -12 6 
80 28 12 -7 10 7 -11 -6 -9 10 
77 30 14 -6 13 4 -13 -10 -8 13 
81 32 15 3 16 1 -10 -11 -9 12 
