81 50 26 4 12 4 -14 -9 -14 7 
85 52 24 7 7 3 -11 -11 -17 2 
90 55 25 3 7 -1 -11 -7 -14 0 
91 56 33 -3 6 -3 -12 -8 -16 7 
92 52 32 0 3 -8 -16 -12 -16 13 
92 49 30 3 3 -12 -21 -14 -11 8 
99 52 30 0 6 -6 -16 -15 -14 5 
98 55 31 -3 8 -9 -12 -14 -15 9 
95 60 33 -4 9 -14 -18 -9 -12 11 
100 52 21 -2 14 -7 -22 -14 -13 12 
97 49 21 -1 12 -5 -18 -16 -14 10 
90 48 25 1 6 -4 -17 -13 -14 8 
97 41 19 1 6 2 -18 -14 -12 4 
102 44 22 0 11 6 -18 -15 -12 3 
101 51 27 1 13 6 -17 -12 -13 2 
96 50 29 2 10 6 -12 -9 -11 0 
86 47 26 5 6 6 -13 -7 -11 0 
79 50 25 6 3 0 -17 -6 -11 1 
79 54 31 6 7 4 -13 -9 -6 6 
81 52 29 -1 9 1 -10 -4 -6 11 
80 46 19 -2 10 0 -11 -2 -8 9 
79 43 19 3 10 2 -11 -5 -5 4 
79 50 19 0 10 -2 -13 -10 -6 10 
88 59 25 -1 10 -6 -14 -12 -13 15 
91 62 30 2 6 -2 -12 -7 -10 11 
87 59 24 4 8 9 -8 -8 -6 9 
91 57 20 6 6 5 -10 -11 -4 8 
91 60 18 5 4 1 -11 -3 -4 7 
86 62 25 0 8 1 -11 2 -9 3 
88 58 35 1 8 -7 -15 -6 -10 0 
