99 47 11 -2 23 -3 -8 -4 -14 3 
100 45 11 -4 19 -4 -7 -6 -21 5 
93 42 22 -1 5 -4 -5 -12 -20 7 
92 41 28 0 -3 -4 -6 -12 -16 4 
94 41 27 1 -6 -2 -7 -13 -15 3 
94 40 26 0 -6 -3 -10 -14 -15 5 
97 39 24 -1 -6 1 -13 -17 -14 3 
96 40 18 2 -7 4 -14 -18 -12 1 
91 39 17 1 -4 2 -13 -18 -13 2 
92 38 22 -1 -6 5 -12 -20 -14 3 
92 37 19 -2 -1 2 -13 -19 -16 8 
90 37 12 0 4 -3 -13 -16 -19 12 
89 36 13 -2 6 -1 -17 -13 -21 12 
90 33 15 -5 6 3 -21 -13 -17 9 
94 31 14 -7 10 3 -23 -15 -13 7 
99 29 12 -10 16 0 -22 -16 -14 10 
98 28 11 -11 16 -1 -20 -18 -13 9 
94 29 18 -12 14 -1 -15 -19 -13 8 
92 35 15 -14 14 1 -14 -21 -13 9 
90 38 1 -14 17 -2 -21 -20 -10 12 
85 37 -4 -14 21 -8 -26 -16 -7 12 
83 39 -6 -12 26 -12 -25 -13 -11 9 
83 34 0 -9 21 -8 -16 -15 -15 5 
86 29 -6 -1 24 -3 -10 -13 -16 5 
86 27 -11 1 27 0 -9 -11 -20 8 
83 28 -6 0 20 1 -11 -16 -21 11 
80 35 5 -2 10 -3 -16 -16 -14 12 
84 30 -7 -11 17 -5 -19 -13 -14 11 
80 17 -14 -16 20 -7 -13 -10 -17 6 
92 28 3 -14 9 -6 -10 -8 -16 1 
