96 62 14 1 25 -6 -20 -8 -11 8 
91 69 24 -4 18 -10 -15 -8 -15 6 
89 71 21 -4 17 -4 -11 -8 -15 6 
93 63 13 -3 14 2 -10 -11 -16 7 
99 58 9 -3 10 5 -9 -10 -16 6 
102 54 4 -2 12 6 -9 -12 -16 6 
97 52 7 -2 12 2 -7 -13 -21 8 
95 50 8 2 9 3 -7 -13 -21 9 
101 50 4 2 7 8 -9 -15 -16 4 
100 46 8 -2 4 3 -12 -13 -12 5 
100 40 16 -2 -2 -7 -15 -15 -11 10 
109 24 15 -9 0 -7 -16 -18 -7 12 
109 14 10 -15 -2 -3 -22 -19 -3 10 
104 15 12 -16 4 -3 -23 -19 -5 12 
106 26 11 -8 14 5 -17 -16 -8 11 
105 37 9 -7 12 11 -17 -15 -12 8 
95 40 19 -14 9 8 -18 -11 -19 6 
91 36 22 -17 9 10 -14 -12 -17 7 
92 36 23 -17 5 12 -11 -15 -18 8 
96 32 21 -19 10 11 -8 -17 -19 10 
95 28 15 -17 21 8 -6 -18 -16 9 
95 24 6 -18 27 8 -8 -16 -12 9 
95 26 7 -21 22 8 -12 -21 -10 9 
84 39 3 -18 21 1 -17 -22 -8 7 
83 41 -7 -14 31 -5 -20 -17 -8 6 
81 38 -7 -12 34 -2 -16 -12 -14 5 
79 37 -9 -9 33 -3 -13 -4 -12 6 
81 32 -8 -3 29 -3 -8 -4 -10 10 
79 31 -10 3 28 1 -4 -4 -12 11 
79 29 -12 1 25 3 -4 -3 -12 12 
