85 42 20 -12 5 -8 4 1 2 8 
78 31 12 -12 6 -7 1 -2 0 15 
75 27 6 -23 3 -20 -9 -2 -3 10 
81 32 10 -23 1 -26 -9 -1 -2 9 
80 34 12 -21 -2 -24 -6 -4 -2 11 
75 31 12 -18 1 -25 -5 -3 -2 10 
77 31 9 -16 8 -27 -3 -4 -4 11 
83 33 7 -22 10 -25 -6 -7 -4 14 
84 38 10 -27 7 -21 -12 -10 -1 15 
79 39 10 -21 2 -17 -10 -10 -2 12 
76 37 9 -16 2 -17 -6 -7 -3 10 
78 31 8 -16 4 -19 -5 -8 -5 11 
84 24 9 -16 1 -17 -8 -9 -3 13 
85 15 8 -18 5 -19 -11 -8 -3 14 
79 15 4 -22 10 -16 -8 -4 -4 12 
73 24 6 -26 5 -15 -3 2 1 12 
68 29 13 -28 1 -16 -2 3 2 10 
64 31 19 -31 1 -15 -2 -1 1 8 
64 40 27 -25 0 -11 2 -1 1 13 
66 48 34 -20 -1 -13 -3 1 -1 19 
69 53 31 -29 -3 -14 0 3 -1 15 
64 54 26 -29 -6 -17 3 2 1 11 
68 54 25 -22 -6 -23 1 1 0 11 
73 53 30 -18 7 -20 -3 3 -3 8 
74 50 30 -13 13 -17 -10 1 -6 8 
75 38 20 -14 9 -15 -2 3 2 6 
75 24 16 -18 -3 -20 -6 -3 -1 3 
76 19 22 -8 -8 -21 -11 -9 1 0 
73 11 20 0 4 -6 -3 -6 4 -2 
70 8 25 0 1 -1 2 -7 6 -1 
