77 21 7 -19 -6 -18 -2 0 5 9 
78 18 7 -21 -7 -20 -4 -1 5 9 
79 24 8 -18 -10 -21 -6 -1 7 12 
75 26 10 -18 -6 -18 -4 -2 5 12 
69 18 10 -19 0 -10 -2 1 1 6 
71 17 13 -25 -6 -17 -10 -3 2 8 
71 18 17 -26 -5 -17 -8 -8 -1 10 
69 17 14 -24 1 -15 -5 -6 -3 11 
69 18 5 -25 7 -13 -5 -4 -4 12 
68 19 6 -24 5 -3 -2 -7 -4 11 
67 18 10 -22 2 -5 3 -3 -4 11 
69 14 9 -17 0 -6 2 -1 -3 12 
68 9 13 -15 -1 -4 -2 -6 -3 12 
76 17 16 -19 -2 -8 -4 -9 -4 11 
85 30 17 -16 -3 -12 -4 -4 -1 12 
82 39 20 -13 2 -15 -5 -2 0 13 
83 39 20 -18 6 -11 -5 -2 1 13 
83 38 19 -18 9 -13 -2 -3 2 13 
85 45 21 -19 9 -19 0 2 3 11 
89 39 22 -20 4 -18 3 5 4 12 
85 35 20 -18 2 -15 2 1 6 9 
78 34 23 -12 10 -15 -4 -7 3 7 
81 32 21 -11 12 -13 -2 -5 1 7 
81 35 15 -21 7 -12 2 -2 2 13 
84 39 6 -26 10 -16 5 4 -2 9 
88 40 16 -17 10 -18 8 9 -3 7 
85 28 23 4 0 -12 -3 -1 -2 5 
75 19 21 6 -2 -9 -3 -1 -1 1 
68 16 17 4 0 -8 1 -1 2 -1 
63 14 21 6 4 -3 2 -3 3 -2 
