84 37 26 -14 13 -12 -10 -4 -5 6 
84 35 23 -22 7 -15 -13 -2 -2 6 
80 32 24 -30 5 -16 -13 -4 -2 5 
86 33 26 -28 10 -18 -14 -7 -4 1 
91 30 22 -23 10 -18 -14 -4 -4 3 
92 29 19 -18 6 -17 -12 -8 -3 5 
90 34 20 -21 3 -19 -10 -10 -2 2 
90 37 19 -28 3 -20 -9 -8 -4 1 
91 45 17 -24 0 -19 -12 -6 -5 2 
92 52 19 -25 -3 -16 -10 -8 -5 5 
93 50 16 -25 1 -20 -9 -7 -6 5 
91 47 19 -23 4 -25 -11 -6 -4 5 
86 41 26 -18 7 -22 -7 -8 -2 7 
84 32 32 -11 9 -15 -8 -14 -1 13 
90 30 37 -12 2 -12 -9 -18 1 16 
94 29 35 -10 2 -8 -12 -15 2 14 
91 28 32 -12 7 -5 -15 -14 0 14 
88 29 31 -12 10 -5 -13 -16 -1 14 
85 35 28 -9 12 -8 -11 -13 -1 10 
80 41 26 -4 13 -6 -12 -9 0 4 
77 42 29 3 12 -8 -14 -10 -3 -1 
81 41 30 -1 7 -15 -14 -4 -2 0 
78 36 33 2 11 -13 -13 -4 -3 1 
65 37 39 8 20 -9 -12 -10 -7 -2 
62 36 43 7 14 -10 -10 -7 -4 1 
55 35 49 1 8 -14 -3 3 -3 2 
47 28 36 -9 14 -19 -6 2 0 8 
56 30 34 -10 10 -27 -14 -9 -4 5 
65 33 31 -6 8 -22 -10 -10 -5 2 
57 27 28 -3 11 -16 -4 -2 -1 3 
