40 6 13 10 -4 -4 7 4 2 5 
41 8 15 3 2 0 12 3 4 0 
41 11 13 1 6 3 11 0 2 -3 
40 9 14 4 4 -1 5 -1 2 0 
43 11 20 9 0 -1 5 0 3 -3 
46 11 21 13 -5 -3 6 -4 1 -5 
39 10 19 7 -2 -6 3 -2 1 -2 
42 14 19 4 -1 -4 1 0 1 -2 
45 11 17 7 -6 -4 2 -2 2 1 
38 10 17 5 -5 -5 4 0 5 2 
38 9 17 10 5 0 4 -2 3 1 
42 7 13 12 7 -2 5 -2 -2 6 
45 13 18 11 8 -5 5 -3 -5 0 
57 20 19 2 -5 -12 -5 -4 0 -2 
67 21 7 -8 -17 -12 1 1 2 -7 
74 26 9 -6 -20 -17 1 2 0 -11 
74 26 12 -7 -18 -16 -3 0 -3 -9 
73 25 10 -5 -17 -14 -1 3 2 -3 
72 27 7 -7 -16 -16 3 7 7 -4 
64 22 13 -6 -14 -10 4 3 5 -5 
54 15 16 2 -8 -7 1 -2 1 -2 
47 11 10 -4 -6 -5 5 2 4 3 
43 12 17 -2 -4 -4 6 1 3 3 
58 21 16 -5 -8 -8 5 1 2 2 
66 16 12 -3 -7 -11 0 0 1 -4 
58 17 10 -1 -7 -11 -1 -4 -2 -7 
49 15 14 5 -9 -5 4 -4 -1 -1 
42 5 14 7 -2 -1 3 -4 1 3 
54 16 13 1 -9 -10 0 -2 -2 1 
58 20 12 -4 -15 -16 6 2 0 0 
